Date_Stock,Close,Date_News,Sentiment_Score,Prediction
2011-03-25,118.0,,0.0,Neutral
2011-03-27,118.0,,0.0,Neutral
2011-03-29,118.0,,0.0,Neutral
2012-08-28,100.0,,0.0,Neutral
2012-08-29,110.0,,0.0,Neutral
2012-08-30,121.0,,0.0,Neutral
2012-09-02,118.0,,0.0,Neutral
2012-09-05,114.0,,0.0,Neutral
2012-09-06,108.0,,0.0,Neutral
2012-09-09,110.0,,0.0,Neutral
2012-09-11,110.0,,0.0,Neutral
2012-09-13,112.0,,0.0,Neutral
2012-09-16,114.0,,0.0,Neutral
2012-09-17,116.0,,0.0,Neutral
2012-09-18,118.0,,0.0,Neutral
2012-09-20,116.0,,0.0,Neutral
2012-10-02,114.0,,0.0,Neutral
2012-10-03,112.0,,0.0,Neutral
2012-10-04,110.0,,0.0,Neutral
2012-10-07,118.0,,0.0,Neutral
2012-10-08,119.0,,0.0,Neutral
2012-10-09,128.0,,0.0,Neutral
2012-10-10,130.0,,0.0,Neutral
2012-10-15,124.0,,0.0,Neutral
2012-10-30,122.0,,0.0,Neutral
2012-10-31,120.0,,0.0,Neutral
2012-11-06,118.0,,0.0,Neutral
2012-11-20,116.0,,0.0,Neutral
2012-11-27,114.0,,0.0,Neutral
2012-12-10,112.0,,0.0,Neutral
2013-01-06,108.0,,0.0,Neutral
2013-01-07,109.0,,0.0,Neutral
2013-01-15,105.0,,0.0,Neutral
2013-01-17,107.0,,0.0,Neutral
2013-01-23,113.0,,0.0,Neutral
2013-01-24,117.0,,0.0,Neutral
2013-01-28,117.0,,0.0,Neutral
2013-01-31,117.0,,0.0,Neutral
2013-02-04,119.0,,0.0,Neutral
2013-02-28,117.0,,0.0,Neutral
2013-04-23,121.0,2013-04-23,0.9255474805831908,Strongly Positive
2013-04-25,119.0,,0.0,Neutral
2013-04-29,118.0,,0.0,Neutral
2013-04-30,116.0,,0.0,Neutral
2013-06-04,114.0,,0.0,Neutral
2013-06-05,113.0,,0.0,Neutral
2013-06-06,115.0,,0.0,Neutral
2013-07-01,115.0,,0.0,Neutral
2013-07-04,113.0,,0.0,Neutral
2013-07-29,115.0,,0.0,Neutral
2013-07-30,119.0,2013-07-30,0.8970732688903809,Strongly Positive
2013-07-31,123.0,,0.0,Neutral
2013-08-01,125.0,,0.0,Neutral
2013-08-05,123.0,,0.0,Neutral
2013-08-06,124.0,,0.0,Neutral
2013-08-12,126.0,,0.0,Neutral
2013-08-14,134.0,,0.0,Neutral
2013-08-15,143.0,,0.0,Neutral
2013-08-18,157.0,2013-08-18,0.8833826184272766,Strongly Positive
2013-08-19,172.0,,0.0,Neutral
2013-08-20,189.0,,0.0,Neutral
2013-08-25,207.0,,0.0,Neutral
2013-08-26,227.0,,0.0,Neutral
2013-08-27,225.0,,0.0,Neutral
2013-08-29,224.0,,0.0,Neutral
2013-09-03,204.0,,0.0,Neutral
2013-09-12,200.0,,0.0,Neutral
2013-10-06,193.0,,0.0,Neutral
2013-10-08,178.0,,0.0,Neutral
2013-10-09,169.0,,0.0,Neutral
2013-10-10,166.0,,0.0,Neutral
2013-10-20,150.0,,0.0,Neutral
2013-10-21,138.0,,0.0,Neutral
2013-10-22,144.0,,0.0,Neutral
2013-10-23,146.0,,0.0,Neutral
2013-10-27,160.0,,0.0,Neutral
2013-10-28,165.0,,0.0,Neutral
2013-10-29,170.0,,0.0,Neutral
2013-10-30,170.0,,0.0,Neutral
2013-10-31,170.0,,0.0,Neutral
2013-11-06,167.0,,0.0,Neutral
2013-11-07,176.0,,0.0,Neutral
2013-11-11,173.0,,0.0,Neutral
2013-11-14,182.0,,0.0,Neutral
2013-11-21,188.0,,0.0,Neutral
2013-11-24,194.0,,0.0,Neutral
2013-11-25,197.0,,0.0,Neutral
2013-11-26,205.0,,0.0,Neutral
2013-11-27,207.0,,0.0,Neutral
2013-11-28,211.0,,0.0,Neutral
2014-06-01,231.0,,0.0,Neutral
2014-06-02,254.0,,0.0,Neutral
2014-06-03,279.0,,0.0,Neutral
2014-06-04,274.0,,0.0,Neutral
2014-06-09,301.0,,0.0,Neutral
2014-06-10,331.0,,0.0,Neutral
2014-06-11,364.0,,0.0,Neutral
2014-06-12,378.0,,0.0,Neutral
2014-06-15,415.0,,0.0,Neutral
2014-06-16,425.0,,0.0,Neutral
2014-06-17,467.0,,0.0,Neutral
2014-06-18,513.0,,0.0,Neutral
2014-06-19,564.0,,0.0,Neutral
2014-06-23,620.0,,0.0,Neutral
2014-06-24,682.0,,0.0,Neutral
2014-06-25,750.0,,0.0,Neutral
2014-06-26,720.0,,0.0,Neutral
2014-06-29,708.0,,0.0,Neutral
2014-06-30,701.0,,0.0,Neutral
2014-07-01,735.0,,0.0,Neutral
2014-07-02,780.0,,0.0,Neutral
2014-07-03,751.0,,0.0,Neutral
2014-07-06,761.0,,0.0,Neutral
2014-07-07,816.0,,0.0,Neutral
2014-07-08,755.0,,0.0,Neutral
2014-07-09,770.0,,0.0,Neutral
2014-07-10,765.0,,0.0,Neutral
2014-07-13,770.0,,0.0,Neutral
2014-07-14,769.0,,0.0,Neutral
2014-07-15,757.0,,0.0,Neutral
2014-07-16,770.0,,0.0,Neutral
2014-07-17,790.0,,0.0,Neutral
2014-07-20,795.0,,0.0,Neutral
2014-07-21,780.0,,0.0,Neutral
2014-07-22,779.0,,0.0,Neutral
2014-07-23,772.0,,0.0,Neutral
2014-07-24,745.0,,0.0,Neutral
2014-07-27,732.0,,0.0,Neutral
2014-07-30,730.0,,0.0,Neutral
2014-07-31,755.0,,0.0,Neutral
2014-08-03,750.0,,0.0,Neutral
2014-08-04,740.0,,0.0,Neutral
2014-08-05,735.0,,0.0,Neutral
2014-08-06,722.0,,0.0,Neutral
2014-08-07,710.0,,0.0,Neutral
2014-08-12,710.0,,0.0,Neutral
2014-08-13,683.0,,0.0,Neutral
2014-08-14,680.0,,0.0,Neutral
2014-08-18,692.0,,0.0,Neutral
2014-08-19,695.0,,0.0,Neutral
2014-08-20,682.0,,0.0,Neutral
2014-08-24,659.0,,0.0,Neutral
2014-08-25,610.0,,0.0,Neutral
2014-08-26,615.0,,0.0,Neutral
2014-08-27,630.0,,0.0,Neutral
2014-08-31,620.0,,0.0,Neutral
2014-09-04,610.0,,0.0,Neutral
2014-09-07,565.0,,0.0,Neutral
2014-09-10,555.0,,0.0,Neutral
2014-09-14,550.0,,0.0,Neutral
2014-09-15,599.0,,0.0,Neutral
2014-09-16,658.0,,0.0,Neutral
2014-09-17,680.0,,0.0,Neutral
2014-09-18,699.0,,0.0,Neutral
2014-09-21,670.0,,0.0,Neutral
2014-09-23,660.0,,0.0,Neutral
2014-09-24,699.0,,0.0,Neutral
2014-09-28,700.0,,0.0,Neutral
2014-09-29,700.0,,0.0,Neutral
2014-09-30,700.0,,0.0,Neutral
2014-10-08,700.0,,0.0,Neutral
2014-10-09,700.0,,0.0,Neutral
2014-10-13,714.0,,0.0,Neutral
2014-10-14,700.0,,0.0,Neutral
2014-10-15,700.0,,0.0,Neutral
2014-10-16,770.0,,0.0,Neutral
2014-10-19,780.0,,0.0,Neutral
2014-10-20,783.0,,0.0,Neutral
2014-10-21,775.0,,0.0,Neutral
2014-10-22,810.0,,0.0,Neutral
2014-10-26,826.0,,0.0,Neutral
2014-10-28,819.0,,0.0,Neutral
2014-10-30,820.0,,0.0,Neutral
2014-11-02,804.0,,0.0,Neutral
2014-11-03,788.0,,0.0,Neutral
2014-11-05,775.0,,0.0,Neutral
2014-11-06,780.0,,0.0,Neutral
2014-11-09,780.0,,0.0,Neutral
2014-11-10,765.0,,0.0,Neutral
2014-11-11,755.0,,0.0,Neutral
2014-11-12,770.0,,0.0,Neutral
2014-11-13,770.0,,0.0,Neutral
2014-11-16,755.0,,0.0,Neutral
2014-11-17,749.0,,0.0,Neutral
2014-11-19,749.0,,0.0,Neutral
2014-11-20,743.0,,0.0,Neutral
2014-11-23,755.0,,0.0,Neutral
2014-11-24,769.0,,0.0,Neutral
2014-11-25,747.0,,0.0,Neutral
2014-12-01,739.0,,0.0,Neutral
2014-12-02,746.0,,0.0,Neutral
2014-12-03,735.0,,0.0,Neutral
2014-12-07,721.0,,0.0,Neutral
2014-12-08,701.0,,0.0,Neutral
2014-12-09,710.0,,0.0,Neutral
2014-12-10,723.0,,0.0,Neutral
2014-12-11,691.0,,0.0,Neutral
2014-12-14,733.0,,0.0,Neutral
2014-12-15,719.0,,0.0,Neutral
2014-12-16,746.0,,0.0,Neutral
2014-12-21,740.0,,0.0,Neutral
2014-12-22,727.0,,0.0,Neutral
2014-12-23,715.0,,0.0,Neutral
2014-12-24,689.0,,0.0,Neutral
2014-12-28,681.0,,0.0,Neutral
2014-12-29,707.0,,0.0,Neutral
2014-12-31,733.0,,0.0,Neutral
2015-01-01,730.0,,0.0,Neutral
2015-01-04,743.0,,0.0,Neutral
2015-01-06,739.0,,0.0,Neutral
2015-01-07,730.0,,0.0,Neutral
2015-01-08,745.0,,0.0,Neutral
2015-01-11,744.0,,0.0,Neutral
2015-01-12,732.0,,0.0,Neutral
2015-01-13,775.0,,0.0,Neutral
2015-01-14,776.0,,0.0,Neutral
2015-01-19,775.0,,0.0,Neutral
2015-01-20,788.0,,0.0,Neutral
2015-01-22,785.0,,0.0,Neutral
2015-01-25,785.0,,0.0,Neutral
2015-01-26,795.0,,0.0,Neutral
2015-01-27,780.0,,0.0,Neutral
2015-01-28,780.0,,0.0,Neutral
2015-01-29,790.0,,0.0,Neutral
2015-02-01,780.0,,0.0,Neutral
2015-02-02,765.0,,0.0,Neutral
2015-02-03,780.0,,0.0,Neutral
2015-02-04,775.0,,0.0,Neutral
2015-02-05,795.0,,0.0,Neutral
2015-02-08,873.0,,0.0,Neutral
2015-02-09,912.0,,0.0,Neutral
2015-02-10,910.0,,0.0,Neutral
2015-02-11,880.0,,0.0,Neutral
2015-02-12,860.0,,0.0,Neutral
2015-02-15,541.0,,0.0,Neutral
2015-02-16,548.0,,0.0,Neutral
2015-02-18,586.0,,0.0,Neutral
2015-02-22,608.0,,0.0,Neutral
2015-02-23,614.0,,0.0,Neutral
2015-02-24,625.0,,0.0,Neutral
2015-02-25,585.0,,0.0,Neutral
2015-02-26,600.0,2015-02-26,0.7625620365142822,Strongly Positive
2015-03-01,595.0,,0.0,Neutral
2015-03-15,585.0,,0.0,Neutral
2015-04-02,596.0,,0.0,Neutral
2015-04-05,590.0,,0.0,Neutral
2015-04-06,580.0,,0.0,Neutral
2015-04-07,602.0,,0.0,Neutral
2015-04-08,575.0,,0.0,Neutral
2015-04-09,620.0,,0.0,Neutral
2015-04-12,588.0,,0.0,Neutral
2015-04-13,617.0,,0.0,Neutral
2015-04-15,629.0,,0.0,Neutral
2015-04-16,641.0,,0.0,Neutral
2015-04-19,595.0,,0.0,Neutral
2015-04-20,604.0,,0.0,Neutral
2015-04-21,616.0,,0.0,Neutral
2015-04-22,628.0,,0.0,Neutral
2015-04-23,652.0,,0.0,Neutral
2015-06-03,591.0,,0.0,Neutral
2015-06-07,570.0,,0.0,Neutral
2015-06-08,513.0,,0.0,Neutral
2015-06-09,462.0,,0.0,Neutral
2015-06-10,453.0,,0.0,Neutral
2015-06-11,444.0,,0.0,Neutral
2015-06-14,436.0,,0.0,Neutral
2015-06-15,430.0,,0.0,Neutral
2015-06-17,425.0,,0.0,Neutral
2015-06-18,417.0,2015-06-18,0.8898182511329651,Strongly Positive
2015-06-22,404.0,,0.0,Neutral
2015-06-23,428.0,2015-06-23,0.924824595451355,Strongly Positive
2015-06-24,420.0,,0.0,Neutral
2015-06-25,420.0,,0.0,Neutral
2015-06-28,423.0,,0.0,Neutral
2015-06-29,447.0,2015-06-29,0.9179291129112244,Strongly Positive
2015-06-30,452.0,,0.0,Neutral
2015-07-01,451.0,,0.0,Neutral
2015-07-02,434.0,2015-07-02,0.9179735779762268,Strongly Positive
2015-07-05,435.0,2015-07-05,0.8273950815200806,Strongly Positive
2015-07-06,460.0,,0.0,Neutral
2015-07-07,464.0,,0.0,Neutral
2015-07-08,480.0,,0.0,Neutral
2015-07-09,489.0,,0.0,Neutral
2015-07-16,462.0,,0.0,Neutral
2015-07-22,436.0,,0.0,Neutral
2015-07-23,444.0,,0.0,Neutral
2015-07-26,470.0,,0.0,Neutral
2015-07-27,479.0,,0.0,Neutral
2015-08-04,443.0,,0.0,Neutral
2015-08-05,459.0,,0.0,Neutral
2015-08-06,441.0,,0.0,Neutral
2015-08-09,457.0,,0.0,Neutral
2015-08-12,460.0,,0.0,Neutral
2015-08-25,469.0,,0.0,Neutral
2015-08-26,478.0,,0.0,Neutral
2015-08-27,525.0,,0.0,Neutral
2015-08-31,577.0,,0.0,Neutral
2015-09-01,634.0,,0.0,Neutral
2015-09-02,661.0,,0.0,Neutral
2015-09-03,665.0,2015-09-03,-0.8977293968200684,Strongly Negative
2015-09-06,670.0,,0.0,Neutral
2015-09-07,669.0,,0.0,Neutral
2015-09-08,650.0,,0.0,Neutral
2015-09-09,665.0,2015-09-09,0.9173237681388856,Strongly Positive
2015-09-10,676.0,,0.0,Neutral
2015-09-13,665.0,,0.0,Neutral
2015-09-14,650.0,,0.0,Neutral
2015-09-15,668.0,,0.0,Neutral
2015-09-16,706.0,,0.0,Neutral
2015-09-17,619.0,,0.0,Neutral
2015-09-22,607.0,,0.0,Neutral
2015-09-23,595.0,,0.0,Neutral
2015-09-24,595.0,,0.0,Neutral
2015-09-28,573.0,,0.0,Neutral
2015-09-29,552.0,,0.0,Neutral
2015-09-30,592.0,,0.0,Neutral
2015-10-01,592.0,,0.0,Neutral
2015-10-05,621.0,,0.0,Neutral
2015-10-08,644.0,,0.0,Neutral
2015-10-11,632.0,,0.0,Neutral
2015-10-14,580.0,,0.0,Neutral
2015-10-15,600.0,,0.0,Neutral
2015-10-18,600.0,,0.0,Neutral
2015-10-19,590.0,,0.0,Neutral
2015-10-25,590.0,,0.0,Neutral
2015-10-27,569.0,,0.0,Neutral
2015-10-29,575.0,,0.0,Neutral
2015-11-01,565.0,,0.0,Neutral
2015-11-08,600.0,,0.0,Neutral
2015-11-09,570.0,,0.0,Neutral
2015-11-10,570.0,,0.0,Neutral
2015-11-16,560.0,,0.0,Neutral
2015-11-18,539.0,,0.0,Neutral
2015-11-19,535.0,,0.0,Neutral
2015-11-22,525.0,,0.0,Neutral
2015-11-23,525.0,,0.0,Neutral
2015-11-24,535.0,,0.0,Neutral
2015-11-25,528.0,,0.0,Neutral
2015-11-29,517.0,,0.0,Neutral
2015-11-30,500.0,,0.0,Neutral
2015-12-01,502.0,,0.0,Neutral
2015-12-03,498.0,,0.0,Neutral
2015-12-06,507.0,,0.0,Neutral
2015-12-07,510.0,,0.0,Neutral
2015-12-08,530.0,,0.0,Neutral
2015-12-09,545.0,,0.0,Neutral
2015-12-10,581.0,,0.0,Neutral
2015-12-13,585.0,,0.0,Neutral
2015-12-14,585.0,2015-12-14,0.9277656078338624,Strongly Positive
2015-12-15,610.0,,0.0,Neutral
2015-12-16,622.0,,0.0,Neutral
2015-12-17,630.0,,0.0,Neutral
2015-12-20,650.0,,0.0,Neutral
2015-12-21,640.0,,0.0,Neutral
2015-12-22,644.0,,0.0,Neutral
2015-12-23,655.0,,0.0,Neutral
2015-12-24,720.0,,0.0,Neutral
2015-12-27,690.0,,0.0,Neutral
2015-12-28,705.0,,0.0,Neutral
2015-12-29,741.0,,0.0,Neutral
2015-12-31,815.0,,0.0,Neutral
2016-01-03,868.0,2016-01-03,-0.7895909547805786,Strongly Negative
2016-01-04,864.0,,0.0,Neutral
2016-01-05,830.0,,0.0,Neutral
2016-01-06,800.0,,0.0,Neutral
2016-01-07,820.0,,0.0,Neutral
2016-01-10,834.0,,0.0,Neutral
2016-01-11,830.0,,0.0,Neutral
2016-01-12,824.0,,0.0,Neutral
2016-01-13,895.0,2016-01-13,0.7776356935501099,Strongly Positive
2016-01-14,880.0,,0.0,Neutral
2016-01-17,895.0,,0.0,Neutral
2016-01-18,875.0,,0.0,Neutral
2016-01-19,875.0,,0.0,Neutral
2016-01-20,876.0,,0.0,Neutral
2016-01-21,885.0,,0.0,Neutral
2016-01-24,876.0,,0.0,Neutral
2016-01-25,888.0,,0.0,Neutral
2016-01-26,878.0,,0.0,Neutral
2016-01-27,875.0,,0.0,Neutral
2016-01-28,872.0,,0.0,Neutral
2016-01-31,875.0,,0.0,Neutral
2016-02-01,866.0,,0.0,Neutral
2016-02-02,867.0,,0.0,Neutral
2016-02-03,874.0,,0.0,Neutral
2016-02-04,929.0,,0.0,Neutral
2016-02-07,969.0,,0.0,Neutral
2016-02-08,987.0,,0.0,Neutral
2016-02-11,1030.0,,0.0,Neutral
2016-02-14,1010.0,,0.0,Neutral
2016-02-15,1010.0,,0.0,Neutral
2016-02-16,1013.0,2016-02-16,-0.9262927174568176,Strongly Negative
2016-02-17,1028.0,,0.0,Neutral
2016-02-18,1024.0,,0.0,Neutral
2016-02-21,1010.0,,0.0,Neutral
2016-02-22,1000.0,,0.0,Neutral
2016-02-23,1006.0,,0.0,Neutral
2016-02-24,1000.0,,0.0,Neutral
2016-02-25,1008.0,,0.0,Neutral
2016-02-28,1000.0,2016-02-28,0.8685662746429443,Strongly Positive
2016-02-29,995.0,,0.0,Neutral
2016-03-01,1000.0,,0.0,Neutral
2016-03-02,1065.0,,0.0,Neutral
2016-03-03,1090.0,,0.0,Neutral
2016-03-06,1199.0,,0.0,Neutral
2016-03-10,1318.0,2016-03-10,0.9040369987487792,Strongly Positive
2016-03-13,1174.0,,0.0,Neutral
2016-03-14,1110.0,,0.0,Neutral
2016-03-15,1105.0,,0.0,Neutral
2016-03-16,1119.0,,0.0,Neutral
2016-03-17,1110.0,,0.0,Neutral
2016-03-20,1124.0,,0.0,Neutral
2016-03-21,1115.0,,0.0,Neutral
2016-03-23,1090.0,,0.0,Neutral
2016-03-24,1063.0,,0.0,Neutral
2016-03-27,1080.0,,0.0,Neutral
2016-03-28,1085.0,,0.0,Neutral
2016-03-29,1095.0,,0.0,Neutral
2016-03-30,1080.0,,0.0,Neutral
2016-03-31,1065.0,,0.0,Neutral
2016-04-03,1070.0,,0.0,Neutral
2016-04-04,1070.0,,0.0,Neutral
2016-04-05,1084.0,,0.0,Neutral
2016-04-06,1080.0,,0.0,Neutral
2016-04-10,1090.0,,0.0,Neutral
2016-04-11,1072.0,,0.0,Neutral
2016-04-12,1083.0,,0.0,Neutral
2016-04-14,1090.0,,0.0,Neutral
2016-04-17,1069.0,,0.0,Neutral
2016-04-18,1141.0,,0.0,Neutral
2016-04-19,1133.0,,0.0,Neutral
2016-04-20,1125.0,,0.0,Neutral
2016-04-21,1120.0,,0.0,Neutral
2016-04-24,1142.0,,0.0,Neutral
2016-04-25,1128.0,,0.0,Neutral
2016-04-26,1114.0,,0.0,Neutral
2016-04-27,1130.0,,0.0,Neutral
2016-04-28,1120.0,,0.0,Neutral
2016-05-02,1110.0,,0.0,Neutral
2016-05-03,1115.0,,0.0,Neutral
2016-05-04,1111.0,,0.0,Neutral
2016-05-05,1105.0,,0.0,Neutral
2016-05-08,1130.0,,0.0,Neutral
2016-05-09,1143.0,,0.0,Neutral
2016-05-10,1211.0,,0.0,Neutral
2016-05-11,1300.0,,0.0,Neutral
2016-05-12,1284.0,,0.0,Neutral
2016-05-15,1269.0,2016-05-15,0.9210342764854432,Strongly Positive
2016-05-16,1240.0,,0.0,Neutral
2016-05-17,1270.0,,0.0,Neutral
2016-05-18,1300.0,,0.0,Neutral
2016-05-19,1354.0,,0.0,Neutral
2016-05-22,1481.0,,0.0,Neutral
2016-05-23,1458.0,,0.0,Neutral
2016-05-24,1450.0,,0.0,Neutral
2016-05-25,1400.0,,0.0,Neutral
2016-05-26,1449.0,2016-05-26,0.8144550919532776,Strongly Positive
2016-05-29,1470.0,,0.0,Neutral
2016-05-30,1470.0,,0.0,Neutral
2016-06-19,1617.0,,0.0,Neutral
2016-06-20,1778.0,,0.0,Neutral
2016-06-21,1955.0,,0.0,Neutral
2016-06-22,2120.0,,0.0,Neutral
2016-06-23,2085.0,,0.0,Neutral
2016-06-26,2015.0,,0.0,Neutral
2016-06-27,2052.0,,0.0,Neutral
2016-06-28,2115.0,,0.0,Neutral
2016-06-29,2200.0,,0.0,Neutral
2016-06-30,2218.0,,0.0,Neutral
2016-07-03,2175.0,,0.0,Neutral
2016-07-04,2169.0,,0.0,Neutral
2016-07-05,2169.0,,0.0,Neutral
2016-07-06,2150.0,,0.0,Neutral
2016-07-10,2130.0,,0.0,Neutral
2016-07-11,2050.0,,0.0,Neutral
2016-07-12,2015.0,,0.0,Neutral
2016-07-13,1990.0,,0.0,Neutral
2016-07-14,1990.0,,0.0,Neutral
2016-07-17,1930.0,,0.0,Neutral
2016-07-18,2123.0,,0.0,Neutral
2016-07-19,2095.0,,0.0,Neutral
2016-07-20,2070.0,,0.0,Neutral
2016-07-21,2095.0,,0.0,Neutral
2016-07-25,2111.0,,0.0,Neutral
2016-07-26,2175.0,,0.0,Neutral
2016-07-27,2165.0,,0.0,Neutral
2016-07-28,2160.0,,0.0,Neutral
2016-07-31,2130.0,,0.0,Neutral
2016-08-01,2130.0,,0.0,Neutral
2016-08-02,2105.0,,0.0,Neutral
2016-08-03,2109.0,,0.0,Neutral
2016-08-04,2040.0,,0.0,Neutral
2016-08-07,2062.0,,0.0,Neutral
2016-08-08,1951.0,,0.0,Neutral
2016-08-09,2099.0,,0.0,Neutral
2016-08-10,2129.0,,0.0,Neutral
2016-08-11,2073.0,,0.0,Neutral
2016-08-14,2035.0,,0.0,Neutral
2016-08-15,2001.0,,0.0,Neutral
2016-08-16,2060.0,,0.0,Neutral
2016-08-17,2085.0,,0.0,Neutral
2016-08-21,2030.0,2016-08-21,-0.6650354862213135,Strongly Negative
2016-08-22,1970.0,,0.0,Neutral
2016-08-23,1965.0,,0.0,Neutral
2016-08-24,2150.0,,0.0,Neutral
2016-08-28,2085.0,,0.0,Neutral
2016-08-29,2062.0,,0.0,Neutral
2016-08-30,2050.0,,0.0,Neutral
2016-08-31,2095.0,,0.0,Neutral
2016-09-01,2060.0,,0.0,Neutral
2016-09-03,2036.0,,0.0,Neutral
2016-09-04,2036.0,,0.0,Neutral
2016-09-05,2070.0,,0.0,Neutral
2016-09-06,2061.0,,0.0,Neutral
2016-09-07,2100.0,,0.0,Neutral
2016-09-08,2095.0,,0.0,Neutral
2016-09-11,2140.0,,0.0,Neutral
2016-09-12,2150.0,,0.0,Neutral
2016-09-14,2200.0,,0.0,Neutral
2016-09-18,2179.0,,0.0,Neutral
2016-09-20,2145.0,,0.0,Neutral
2016-09-21,2140.0,,0.0,Neutral
2016-09-22,2135.0,,0.0,Neutral
2016-09-25,2040.0,,0.0,Neutral
2016-09-26,2100.0,,0.0,Neutral
2016-09-27,2075.0,,0.0,Neutral
2016-09-28,2050.0,,0.0,Neutral
2016-09-29,2056.0,,0.0,Neutral
2016-10-02,2090.0,,0.0,Neutral
2016-10-03,2100.0,,0.0,Neutral
2016-10-04,2150.0,,0.0,Neutral
2016-10-05,2146.0,,0.0,Neutral
2016-10-06,2134.0,,0.0,Neutral
2016-10-16,2110.0,,0.0,Neutral
2016-10-17,2120.0,,0.0,Neutral
2016-10-18,2130.0,,0.0,Neutral
2016-10-19,2159.0,,0.0,Neutral
2016-10-20,2170.0,,0.0,Neutral
2016-10-23,2245.0,2016-10-23,0.8344976305961609,Strongly Positive
2016-10-24,2260.0,,0.0,Neutral
2016-10-25,2210.0,,0.0,Neutral
2016-10-26,2230.0,,0.0,Neutral
2016-10-27,2229.0,,0.0,Neutral
2016-11-03,2235.0,,0.0,Neutral
2016-11-07,2290.0,,0.0,Neutral
2016-11-08,2250.0,,0.0,Neutral
2016-11-09,2210.0,,0.0,Neutral
2016-11-10,2199.0,,0.0,Neutral
2016-11-13,2190.0,,0.0,Neutral
2016-11-14,2185.0,,0.0,Neutral
2016-11-15,2180.0,,0.0,Neutral
2016-11-16,2190.0,,0.0,Neutral
2016-11-17,2130.0,,0.0,Neutral
2016-11-20,1990.0,,0.0,Neutral
2016-11-21,1963.0,,0.0,Neutral
2016-11-22,1961.0,,0.0,Neutral
2016-11-23,1840.0,,0.0,Neutral
2016-11-24,1781.0,,0.0,Neutral
2016-11-27,1603.0,,0.0,Neutral
2016-11-28,1670.0,,0.0,Neutral
2016-11-29,1780.0,,0.0,Neutral
2016-11-30,1859.0,,0.0,Neutral
2016-12-01,1845.0,,0.0,Neutral
2016-12-04,1780.0,,0.0,Neutral
2016-12-05,1705.0,,0.0,Neutral
2016-12-06,1764.0,,0.0,Neutral
2016-12-07,1731.0,,0.0,Neutral
2016-12-08,1735.0,,0.0,Neutral
2016-12-11,1750.0,,0.0,Neutral
2016-12-12,1725.0,,0.0,Neutral
2016-12-14,1758.0,,0.0,Neutral
2016-12-15,1780.0,,0.0,Neutral
2016-12-18,1813.0,,0.0,Neutral
2016-12-19,1780.0,,0.0,Neutral
2016-12-20,1755.0,,0.0,Neutral
2016-12-21,1744.0,2016-12-21,0.7930835485458374,Strongly Positive
2016-12-22,1771.0,2016-12-22,0.9005582332611084,Strongly Positive
2016-12-26,1710.0,,0.0,Neutral
2016-12-27,1625.0,,0.0,Neutral
2016-12-28,1613.0,2016-12-28,0.9212456941604614,Strongly Positive
2016-12-29,820.0,,0.0,Neutral
2017-01-01,830.0,,0.0,Neutral
2017-01-02,847.0,,0.0,Neutral
2017-01-03,823.0,,0.0,Neutral
2017-01-04,823.0,,0.0,Neutral
2017-01-05,817.0,,0.0,Neutral
2017-01-08,819.0,,0.0,Neutral
2017-01-09,820.0,,0.0,Neutral
2017-01-10,831.0,,0.0,Neutral
2017-01-11,825.0,,0.0,Neutral
2017-01-12,829.0,2017-01-12,0.8969143033027649,Strongly Positive
2017-01-15,830.0,,0.0,Neutral
2017-01-16,814.0,,0.0,Neutral
2017-01-17,808.0,,0.0,Neutral
2017-01-18,820.0,,0.0,Neutral
2017-01-19,820.0,,0.0,Neutral
2017-01-22,830.0,,0.0,Neutral
2017-01-23,826.0,,0.0,Neutral
2017-01-24,799.0,,0.0,Neutral
2017-01-25,777.0,,0.0,Neutral
2017-01-26,756.0,,0.0,Neutral
2017-01-30,681.0,,0.0,Neutral
2017-01-31,669.0,,0.0,Neutral
2017-02-01,728.0,,0.0,Neutral
2017-02-02,715.0,,0.0,Neutral
2017-02-05,696.0,,0.0,Neutral
2017-02-06,690.0,,0.0,Neutral
2017-02-07,684.0,,0.0,Neutral
2017-02-08,680.0,2017-02-08,-0.9130584597587584,Strongly Negative
2017-02-09,660.0,,0.0,Neutral
2017-02-12,605.0,,0.0,Neutral
2017-02-13,627.0,,0.0,Neutral
2017-02-14,620.0,2017-02-14,0.922252118587494,Strongly Positive
2017-02-15,682.0,,0.0,Neutral
2017-02-16,750.0,,0.0,Neutral
2017-02-19,816.0,,0.0,Neutral
2017-02-20,865.0,,0.0,Neutral
2017-02-21,840.0,,0.0,Neutral
2017-02-22,800.0,,0.0,Neutral
2017-02-23,790.0,,0.0,Neutral
2017-02-26,753.0,,0.0,Neutral
2017-02-28,745.0,,0.0,Neutral
2017-03-01,790.0,2017-03-01,0.2406643033027649,Positive
2017-03-02,799.0,,0.0,Neutral
2017-03-05,828.0,,0.0,Neutral
2017-03-06,817.0,,0.0,Neutral
2017-03-07,803.0,,0.0,Neutral
2017-03-09,805.0,,0.0,Neutral
2017-03-13,814.0,,0.0,Neutral
2017-03-14,805.0,,0.0,Neutral
2017-03-15,800.0,,0.0,Neutral
2017-03-16,800.0,,0.0,Neutral
2017-03-19,844.0,,0.0,Neutral
2017-03-20,928.0,2017-03-20,0.9168658256530762,Strongly Positive
2017-03-21,994.0,2017-03-21,0.9188702702522278,Strongly Positive
2017-03-22,941.0,,0.0,Neutral
2017-03-23,945.0,,0.0,Neutral
2017-03-26,998.0,,0.0,Neutral
2017-03-28,1097.0,,0.0,Neutral
2017-03-29,1106.0,,0.0,Neutral
2017-03-30,1130.0,,0.0,Neutral
2017-04-02,1243.0,,0.0,Neutral
2017-04-03,1315.0,,0.0,Neutral
2017-04-04,1300.0,,0.0,Neutral
2017-04-06,1290.0,,0.0,Neutral
2017-04-09,1299.0,2017-04-09,0.7367056310176849,Strongly Positive
2017-04-10,1295.0,,0.0,Neutral
2017-04-11,1289.0,,0.0,Neutral
2017-04-12,1261.0,,0.0,Neutral
2017-04-13,1248.0,,0.0,Neutral
2017-04-16,1148.0,,0.0,Neutral
2017-04-18,1096.0,,0.0,Neutral
2017-04-19,1185.0,,0.0,Neutral
2017-04-20,1216.0,,0.0,Neutral
2017-04-23,1269.0,,0.0,Neutral
2017-04-24,1220.0,,0.0,Neutral
2017-04-25,1221.0,2017-04-25,0.7622083425521851,Strongly Positive
2017-04-26,1214.0,,0.0,Neutral
2017-04-27,1200.0,,0.0,Neutral
2017-04-30,1180.0,,0.0,Neutral
2017-05-02,1185.0,,0.0,Neutral
2017-05-03,1175.0,,0.0,Neutral
2017-05-04,1150.0,2017-05-04,0.826900064945221,Strongly Positive
2017-05-07,1140.0,,0.0,Neutral
2017-05-08,1149.0,,0.0,Neutral
2017-05-09,1161.0,,0.0,Neutral
2017-05-11,1170.0,,0.0,Neutral
2017-05-15,1189.0,,0.0,Neutral
2017-05-16,1179.0,,0.0,Neutral
2017-05-17,1170.0,,0.0,Neutral
2017-05-18,1170.0,,0.0,Neutral
2017-05-21,1140.0,,0.0,Neutral
2017-05-22,1121.0,,0.0,Neutral
2017-05-23,1140.0,,0.0,Neutral
2017-05-24,1150.0,,0.0,Neutral
2017-05-28,1150.0,,0.0,Neutral
2017-05-30,1121.0,2017-05-30,0.768926739692688,Strongly Positive
2017-05-31,1144.0,,0.0,Neutral
2017-06-01,1140.0,,0.0,Neutral
2017-06-04,1112.0,,0.0,Neutral
2017-06-05,1128.0,,0.0,Neutral
2017-06-06,1130.0,,0.0,Neutral
2017-06-07,1120.0,,0.0,Neutral
2017-06-08,1107.0,,0.0,Neutral
2017-06-11,1089.0,,0.0,Neutral
2017-06-12,1070.0,,0.0,Neutral
2017-06-13,1061.0,,0.0,Neutral
2017-06-14,1062.0,,0.0,Neutral
2017-06-15,1075.0,,0.0,Neutral
2017-06-18,1060.0,,0.0,Neutral
2017-06-19,1025.0,,0.0,Neutral
2017-06-20,1030.0,,0.0,Neutral
2017-06-21,1029.0,,0.0,Neutral
2017-06-22,1021.0,,0.0,Neutral
2017-06-25,997.0,,0.0,Neutral
2017-06-27,980.0,,0.0,Neutral
2017-06-28,984.0,,0.0,Neutral
2017-07-02,955.0,,0.0,Neutral
2017-07-03,962.0,,0.0,Neutral
2017-07-04,960.0,,0.0,Neutral
2017-07-05,962.0,,0.0,Neutral
2017-07-06,994.0,,0.0,Neutral
2017-07-09,1000.0,,0.0,Neutral
2017-07-10,990.0,,0.0,Neutral
2017-07-11,987.0,,0.0,Neutral
2017-07-12,990.0,,0.0,Neutral
2017-07-13,981.0,,0.0,Neutral
2017-07-16,984.0,,0.0,Neutral
2017-07-17,999.0,,0.0,Neutral
2017-07-18,1059.0,,0.0,Neutral
2017-07-19,1150.0,2017-07-19,0.85053551197052,Strongly Positive
2017-07-20,1146.0,,0.0,Neutral
2017-07-23,1170.0,,0.0,Neutral
2017-07-24,1150.0,,0.0,Neutral
2017-07-25,1155.0,,0.0,Neutral
2017-07-26,1195.0,,0.0,Neutral
2017-07-27,1159.0,,0.0,Neutral
2017-07-30,1155.0,,0.0,Neutral
2017-07-31,1167.0,,0.0,Neutral
2017-08-01,1165.0,,0.0,Neutral
2017-08-02,1170.0,,0.0,Neutral
2017-08-03,1153.0,,0.0,Neutral
2017-08-06,1143.0,,0.0,Neutral
2017-08-07,1134.0,,0.0,Neutral
2017-08-09,1146.0,,0.0,Neutral
2017-08-10,1150.0,,0.0,Neutral
2017-08-13,1142.0,2017-08-13,-0.546642541885376,Negative
2017-08-15,1133.0,,0.0,Neutral
2017-08-16,1126.0,,0.0,Neutral
2017-08-17,1122.0,,0.0,Neutral
2017-08-20,1120.0,,0.0,Neutral
2017-08-21,1100.0,2017-08-21,0.8336437940597534,Strongly Positive
2017-08-22,1122.0,,0.0,Neutral
2017-08-23,1115.0,,0.0,Neutral
2017-08-24,1130.0,,0.0,Neutral
2017-08-27,1130.0,,0.0,Neutral
2017-08-28,1112.0,,0.0,Neutral
2017-08-30,1115.0,,0.0,Neutral
2017-08-31,1095.0,,0.0,Neutral
2017-09-04,1070.0,,0.0,Neutral
2017-09-06,1100.0,2017-09-06,0.9071669578552246,Strongly Positive
2017-09-07,1090.0,2017-09-07,0.7877039313316345,Strongly Positive
2017-09-10,1045.0,,0.0,Neutral
2017-09-11,1060.0,,0.0,Neutral
2017-09-12,1045.0,,0.0,Neutral
2017-09-13,1038.0,2017-09-13,0.9292470812797546,Strongly Positive
2017-09-14,938.0,,0.0,Neutral
2017-09-17,935.0,,0.0,Neutral
2017-09-18,936.0,,0.0,Neutral
2017-09-20,930.0,,0.0,Neutral
2017-09-24,922.0,,0.0,Neutral
2017-09-25,921.0,,0.0,Neutral
2017-09-26,931.0,2017-09-26,0.9002442359924316,Strongly Positive
2017-10-03,932.0,,0.0,Neutral
2017-10-04,920.0,,0.0,Neutral
2017-10-08,900.0,,0.0,Neutral
2017-10-09,895.0,,0.0,Neutral
2017-10-10,892.0,,0.0,Neutral
2017-10-11,917.0,,0.0,Neutral
2017-10-12,896.0,,0.0,Neutral
2017-10-15,895.0,,0.0,Neutral
2017-10-16,930.0,,0.0,Neutral
2017-10-17,932.0,,0.0,Neutral
2017-10-18,948.0,,0.0,Neutral
2017-10-22,949.0,,0.0,Neutral
2017-10-23,943.0,,0.0,Neutral
2017-10-24,948.0,,0.0,Neutral
2017-10-25,947.0,,0.0,Neutral
2017-10-29,950.0,,0.0,Neutral
2017-10-30,950.0,,0.0,Neutral
2017-10-31,940.0,,0.0,Neutral
2017-11-01,940.0,,0.0,Neutral
2017-11-02,940.0,,0.0,Neutral
2017-11-05,925.0,,0.0,Neutral
2017-11-06,926.0,,0.0,Neutral
2017-11-07,926.0,,0.0,Neutral
2017-11-08,910.0,,0.0,Neutral
2017-11-09,915.0,,0.0,Neutral
2017-11-12,915.0,,0.0,Neutral
2017-11-13,912.0,,0.0,Neutral
2017-11-14,916.0,,0.0,Neutral
2017-11-15,907.0,,0.0,Neutral
2017-11-16,887.0,2017-11-16,-0.9123398661613464,Strongly Negative
2017-11-19,879.0,,0.0,Neutral
2017-11-20,870.0,,0.0,Neutral
2017-11-21,880.0,,0.0,Neutral
2017-11-22,874.0,,0.0,Neutral
2017-11-23,905.0,,0.0,Neutral
2017-11-26,895.0,,0.0,Neutral
2017-11-27,898.0,2017-11-27,0.9110798239707948,Strongly Positive
2017-11-28,890.0,,0.0,Neutral
2017-11-29,916.0,,0.0,Neutral
2017-11-30,950.0,2017-11-30,0.4811865389347076,Positive
2017-12-04,941.0,,0.0,Neutral
2017-12-05,935.0,,0.0,Neutral
2017-12-06,924.0,,0.0,Neutral
2017-12-10,925.0,,0.0,Neutral
2017-12-11,925.0,,0.0,Neutral
2017-12-12,920.0,2017-12-12,0.9286592602729796,Strongly Positive
2017-12-13,927.0,,0.0,Neutral
2017-12-14,932.0,,0.0,Neutral
2017-12-17,905.0,,0.0,Neutral
2017-12-18,901.0,,0.0,Neutral
2017-12-19,885.0,,0.0,Neutral
2017-12-20,890.0,,0.0,Neutral
2017-12-21,886.0,,0.0,Neutral
2017-12-24,875.0,,0.0,Neutral
2017-12-26,848.0,,0.0,Neutral
2017-12-27,828.0,,0.0,Neutral
2017-12-28,830.0,,0.0,Neutral
2017-12-31,824.0,,0.0,Neutral
2018-01-01,870.0,,0.0,Neutral
2018-01-02,865.0,,0.0,Neutral
2018-01-03,848.0,,0.0,Neutral
2018-01-04,843.0,,0.0,Neutral
2018-01-07,854.0,,0.0,Neutral
2018-01-08,858.0,,0.0,Neutral
2018-01-09,862.0,,0.0,Neutral
2018-01-10,860.0,2018-01-10,-0.0890379250049591,Slightly Negative
2018-01-14,846.0,,0.0,Neutral
2018-01-16,822.0,,0.0,Neutral
2018-01-17,815.0,,0.0,Neutral
2018-01-21,770.0,,0.0,Neutral
2018-01-22,761.0,2018-01-22,0.9173261523246765,Strongly Positive
2018-01-23,525.0,,0.0,Neutral
2018-01-24,530.0,,0.0,Neutral
2018-01-25,550.0,,0.0,Neutral
2018-01-28,565.0,,0.0,Neutral
2018-01-29,569.0,,0.0,Neutral
2018-01-31,569.0,,0.0,Neutral
2018-02-01,577.0,,0.0,Neutral
2018-02-04,585.0,,0.0,Neutral
2018-02-05,580.0,,0.0,Neutral
2018-02-06,572.0,,0.0,Neutral
2018-02-07,560.0,,0.0,Neutral
2018-02-08,570.0,,0.0,Neutral
2018-02-11,570.0,,0.0,Neutral
2018-02-12,570.0,,0.0,Neutral
2018-02-14,570.0,,0.0,Neutral
2018-02-15,609.0,,0.0,Neutral
2018-02-18,600.0,,0.0,Neutral
2018-02-20,590.0,,0.0,Neutral
2018-02-21,583.0,2018-02-21,0.9271716475486756,Strongly Positive
2018-02-22,578.0,,0.0,Neutral
2018-02-25,585.0,,0.0,Neutral
2018-02-26,573.0,,0.0,Neutral
2018-02-27,579.0,,0.0,Neutral
2018-02-28,564.0,,0.0,Neutral
2018-03-04,546.0,,0.0,Neutral
2018-03-05,538.0,,0.0,Neutral
2018-03-06,526.0,,0.0,Neutral
2018-03-07,548.0,,0.0,Neutral
2018-03-11,540.0,,0.0,Neutral
2018-03-12,543.0,,0.0,Neutral
2018-03-13,539.0,,0.0,Neutral
2018-03-14,539.0,,0.0,Neutral
2018-03-15,550.0,2018-03-15,0.9178313612937928,Strongly Positive
2018-03-18,540.0,,0.0,Neutral
2018-03-19,532.0,,0.0,Neutral
2018-03-20,530.0,,0.0,Neutral
2018-03-21,517.0,,0.0,Neutral
2018-03-22,510.0,,0.0,Neutral
2018-03-26,481.0,,0.0,Neutral
2018-03-27,510.0,,0.0,Neutral
2018-03-28,505.0,,0.0,Neutral
2018-03-29,520.0,,0.0,Neutral
2018-04-01,500.0,,0.0,Neutral
2018-04-02,495.0,,0.0,Neutral
2018-04-03,497.0,,0.0,Neutral
2018-04-04,510.0,,0.0,Neutral
2018-04-05,543.0,,0.0,Neutral
2018-04-08,565.0,,0.0,Neutral
2018-04-09,550.0,,0.0,Neutral
2018-04-10,543.0,,0.0,Neutral
2018-04-11,540.0,,0.0,Neutral
2018-04-12,547.0,,0.0,Neutral
2018-04-15,557.0,,0.0,Neutral
2018-04-16,599.0,,0.0,Neutral
2018-04-17,637.0,,0.0,Neutral
2018-04-18,628.0,,0.0,Neutral
2018-04-19,622.0,,0.0,Neutral
2018-04-22,658.0,,0.0,Neutral
2018-04-23,642.0,,0.0,Neutral
2018-04-24,631.0,,0.0,Neutral
2018-04-25,622.0,2018-04-25,0.919619917869568,Strongly Positive
2018-04-26,610.0,,0.0,Neutral
2018-04-29,613.0,,0.0,Neutral
2018-05-02,626.0,2018-05-02,0.9201496839523317,Strongly Positive
2018-05-03,625.0,,0.0,Neutral
2018-05-06,610.0,,0.0,Neutral
2018-05-07,602.0,,0.0,Neutral
2018-05-08,622.0,,0.0,Neutral
2018-05-09,620.0,2018-05-09,0.9188607931137084,Strongly Positive
2018-05-10,615.0,,0.0,Neutral
2018-05-14,605.0,,0.0,Neutral
2018-05-15,610.0,2018-05-15,-0.9259806275367736,Strongly Negative
2018-05-16,606.0,2018-05-16,0.8548440933227539,Strongly Positive
2018-05-17,605.0,,0.0,Neutral
2018-05-20,614.0,,0.0,Neutral
2018-05-21,611.0,,0.0,Neutral
2018-05-22,607.0,,0.0,Neutral
2018-05-23,604.0,,0.0,Neutral
2018-05-24,600.0,,0.0,Neutral
2018-05-27,588.0,2018-05-27,0.9104425311088562,Strongly Positive
2018-05-28,621.0,2018-05-28,0.7355670928955078,Strongly Positive
2018-05-29,625.0,,0.0,Neutral
2018-05-30,624.0,,0.0,Neutral
2018-05-31,611.0,,0.0,Neutral
2018-06-03,596.0,,0.0,Neutral
2018-06-04,583.0,,0.0,Neutral
2018-06-06,594.0,,0.0,Neutral
2018-06-07,580.0,,0.0,Neutral
2018-06-10,558.0,,0.0,Neutral
2018-06-11,564.0,,0.0,Neutral
2018-06-12,570.0,,0.0,Neutral
2018-06-13,572.0,,0.0,Neutral
2018-06-14,570.0,,0.0,Neutral
2018-06-17,561.0,,0.0,Neutral
2018-06-18,584.0,,0.0,Neutral
2018-06-19,579.0,2018-06-19,0.9153413772583008,Strongly Positive
2018-06-20,570.0,,0.0,Neutral
2018-06-21,560.0,2018-06-21,0.9270469546318054,Strongly Positive
2018-06-24,561.0,,0.0,Neutral
2018-06-25,550.0,2018-06-25,0.8893940150737762,Strongly Positive
2018-06-26,543.0,,0.0,Neutral
2018-06-27,546.0,,0.0,Neutral
2018-06-28,537.0,,0.0,Neutral
2018-07-01,520.0,,0.0,Neutral
2018-07-02,514.0,,0.0,Neutral
2018-07-03,515.0,,0.0,Neutral
2018-07-04,517.0,,0.0,Neutral
2018-07-05,555.0,,0.0,Neutral
2018-07-08,550.0,,0.0,Neutral
2018-07-09,539.0,,0.0,Neutral
2018-07-10,538.0,,0.0,Neutral
2018-07-11,544.0,,0.0,Neutral
2018-07-12,532.0,,0.0,Neutral
2018-07-15,543.0,,0.0,Neutral
2018-07-16,558.0,,0.0,Neutral
2018-07-17,542.0,,0.0,Neutral
2018-07-18,530.0,,0.0,Neutral
2018-07-19,529.0,,0.0,Neutral
2018-07-22,515.0,,0.0,Neutral
2018-07-23,525.0,,0.0,Neutral
2018-07-24,538.0,,0.0,Neutral
2018-07-25,530.0,,0.0,Neutral
2018-07-26,523.0,,0.0,Neutral
2018-07-29,522.0,,0.0,Neutral
2018-07-30,520.0,,0.0,Neutral
2018-07-31,521.0,,0.0,Neutral
2018-08-01,524.0,,0.0,Neutral
2018-08-02,521.0,,0.0,Neutral
2018-08-05,520.0,,0.0,Neutral
2018-08-06,522.0,,0.0,Neutral
2018-08-07,522.0,,0.0,Neutral
2018-08-08,519.0,,0.0,Neutral
2018-08-09,510.0,,0.0,Neutral
2018-08-12,500.0,,0.0,Neutral
2018-08-13,507.0,,0.0,Neutral
2018-08-14,517.0,,0.0,Neutral
2018-08-15,539.0,,0.0,Neutral
2018-08-16,527.0,,0.0,Neutral
2018-08-19,515.0,,0.0,Neutral
2018-08-20,509.0,2018-08-20,-0.925511121749878,Strongly Negative
2018-08-21,507.0,,0.0,Neutral
2018-08-22,506.0,,0.0,Neutral
2018-08-23,508.0,,0.0,Neutral
2018-08-26,508.0,,0.0,Neutral
2018-08-28,506.0,,0.0,Neutral
2018-08-29,503.0,,0.0,Neutral
2018-08-30,507.0,,0.0,Neutral
2018-09-02,510.0,,0.0,Neutral
2018-09-03,515.0,,0.0,Neutral
2018-09-04,519.0,,0.0,Neutral
2018-09-05,536.0,,0.0,Neutral
2018-09-06,530.0,,0.0,Neutral
2018-09-09,520.0,,0.0,Neutral
2018-09-10,513.0,,0.0,Neutral
2018-09-11,516.0,,0.0,Neutral
2018-09-12,517.0,,0.0,Neutral
2018-09-13,521.0,,0.0,Neutral
2018-09-16,534.0,,0.0,Neutral
2018-09-17,550.0,,0.0,Neutral
2018-09-18,572.0,2018-09-18,0.90783029794693,Strongly Positive
2018-09-20,560.0,,0.0,Neutral
2018-09-23,551.0,,0.0,Neutral
2018-09-25,557.0,,0.0,Neutral
2018-09-26,558.0,,0.0,Neutral
2018-09-27,548.0,,0.0,Neutral
2018-09-30,539.0,,0.0,Neutral
2018-10-01,537.0,,0.0,Neutral
2018-10-02,531.0,,0.0,Neutral
2018-10-03,526.0,,0.0,Neutral
2018-10-04,523.0,,0.0,Neutral
2018-10-07,520.0,,0.0,Neutral
2018-10-08,521.0,,0.0,Neutral
2018-10-09,519.0,,0.0,Neutral
2018-10-10,525.0,,0.0,Neutral
2018-10-11,520.0,2018-10-11,0.8348509669303894,Strongly Positive
2018-10-14,550.0,,0.0,Neutral
2018-10-15,544.0,,0.0,Neutral
2018-10-21,534.0,,0.0,Neutral
2018-10-22,529.0,,0.0,Neutral
2018-10-23,525.0,,0.0,Neutral
2018-10-24,530.0,,0.0,Neutral
2018-10-25,520.0,,0.0,Neutral
2018-10-28,521.0,,0.0,Neutral
2018-10-29,515.0,,0.0,Neutral
2018-10-30,520.0,,0.0,Neutral
2018-10-31,520.0,,0.0,Neutral
2018-11-01,521.0,,0.0,Neutral
2018-11-04,510.0,,0.0,Neutral
2018-11-05,515.0,,0.0,Neutral
2018-11-06,520.0,,0.0,Neutral
2018-11-11,510.0,,0.0,Neutral
2018-11-12,508.0,,0.0,Neutral
2018-11-13,514.0,,0.0,Neutral
2018-11-14,513.0,,0.0,Neutral
2018-11-15,506.0,,0.0,Neutral
2018-11-18,510.0,,0.0,Neutral
2018-11-19,506.0,,0.0,Neutral
2018-11-20,501.0,,0.0,Neutral
2018-11-21,503.0,,0.0,Neutral
2018-11-22,498.0,,0.0,Neutral
2018-11-25,486.0,,0.0,Neutral
2018-11-26,472.0,,0.0,Neutral
2018-11-27,480.0,,0.0,Neutral
2018-11-28,480.0,,0.0,Neutral
2018-11-29,455.0,,0.0,Neutral
2018-12-02,432.0,,0.0,Neutral
2018-12-03,436.0,2018-12-03,0.8163092732429504,Strongly Positive
2018-12-04,440.0,2018-12-04,0.7614967823028564,Strongly Positive
2018-12-05,421.0,,0.0,Neutral
2018-12-06,433.0,2018-12-06,0.1348938941955566,Slightly Positive
2018-12-09,440.0,,0.0,Neutral
2018-12-10,450.0,,0.0,Neutral
2018-12-11,440.0,,0.0,Neutral
2018-12-12,440.0,,0.0,Neutral
2018-12-13,448.0,,0.0,Neutral
2018-12-16,464.0,,0.0,Neutral
2018-12-17,496.0,,0.0,Neutral
2018-12-18,500.0,,0.0,Neutral
2018-12-19,495.0,,0.0,Neutral
2018-12-20,505.0,,0.0,Neutral
2018-12-23,545.0,,0.0,Neutral
2018-12-24,553.0,,0.0,Neutral
2018-12-25,543.0,,0.0,Neutral
2018-12-26,570.0,,0.0,Neutral
2018-12-27,575.0,,0.0,Neutral
2018-12-30,563.0,,0.0,Neutral
2018-12-31,547.0,,0.0,Neutral
2019-01-01,555.0,,0.0,Neutral
2019-01-02,547.0,,0.0,Neutral
2019-01-03,545.0,,0.0,Neutral
2019-01-06,532.0,,0.0,Neutral
2019-01-07,545.0,,0.0,Neutral
2019-01-08,538.0,,0.0,Neutral
2019-01-09,543.0,,0.0,Neutral
2019-01-10,540.0,,0.0,Neutral
2019-01-13,532.0,,0.0,Neutral
2019-01-14,531.0,,0.0,Neutral
2019-01-15,559.0,,0.0,Neutral
2019-01-16,542.0,,0.0,Neutral
2019-01-17,550.0,,0.0,Neutral
2019-01-20,539.0,,0.0,Neutral
2019-01-21,536.0,2019-01-21,0.6554691791534424,Strongly Positive
2019-01-22,538.0,,0.0,Neutral
2019-01-23,543.0,,0.0,Neutral
2019-01-24,541.0,,0.0,Neutral
2019-01-27,530.0,,0.0,Neutral
2019-01-28,547.0,,0.0,Neutral
2019-01-29,540.0,,0.0,Neutral
2019-01-30,531.0,2019-01-30,0.8343296647071838,Strongly Positive
2019-01-31,536.0,,0.0,Neutral
2019-02-03,530.0,,0.0,Neutral
2019-02-04,528.0,,0.0,Neutral
2019-02-05,536.0,,0.0,Neutral
2019-02-06,525.0,,0.0,Neutral
2019-02-07,523.0,,0.0,Neutral
2019-02-10,506.0,,0.0,Neutral
2019-02-11,517.0,,0.0,Neutral
2019-02-12,518.0,2019-02-12,-0.9254995584487916,Strongly Negative
2019-02-13,510.0,,0.0,Neutral
2019-02-14,518.0,,0.0,Neutral
2019-02-17,509.0,,0.0,Neutral
2019-02-18,503.0,,0.0,Neutral
2019-02-19,512.0,,0.0,Neutral
2019-02-20,507.0,,0.0,Neutral
2019-02-21,508.0,2019-02-21,0.7484800219535828,Strongly Positive
2019-02-24,500.0,,0.0,Neutral
2019-02-25,524.0,,0.0,Neutral
2019-02-26,512.0,,0.0,Neutral
2019-02-27,513.0,,0.0,Neutral
2019-03-03,508.0,,0.0,Neutral
2019-03-05,508.0,,0.0,Neutral
2019-03-06,517.0,,0.0,Neutral
2019-03-07,527.0,,0.0,Neutral
2019-03-10,537.0,,0.0,Neutral
2019-03-11,534.0,,0.0,Neutral
2019-03-12,536.0,,0.0,Neutral
2019-03-13,522.0,,0.0,Neutral
2019-03-14,535.0,,0.0,Neutral
2019-03-17,530.0,2019-03-17,0.37100550532341,Positive
2019-03-18,530.0,,0.0,Neutral
2019-03-19,522.0,,0.0,Neutral
2019-03-21,514.0,,0.0,Neutral
2019-03-24,515.0,,0.0,Neutral
2019-03-25,518.0,,0.0,Neutral
2019-03-26,515.0,2019-03-26,0.9026307463645936,Strongly Positive
2019-03-27,518.0,,0.0,Neutral
2019-03-28,520.0,,0.0,Neutral
2019-03-31,516.0,,0.0,Neutral
2019-04-01,518.0,,0.0,Neutral
2019-04-02,521.0,,0.0,Neutral
2019-04-03,518.0,,0.0,Neutral
2019-04-04,512.0,,0.0,Neutral
2019-04-07,514.0,,0.0,Neutral
2019-04-08,532.0,,0.0,Neutral
2019-04-09,527.0,,0.0,Neutral
2019-04-10,520.0,,0.0,Neutral
2019-04-11,520.0,,0.0,Neutral
2019-04-15,522.0,,0.0,Neutral
2019-04-16,524.0,,0.0,Neutral
2019-04-17,525.0,,0.0,Neutral
2019-04-18,525.0,,0.0,Neutral
2019-04-21,525.0,,0.0,Neutral
2019-04-22,528.0,,0.0,Neutral
2019-04-23,529.0,,0.0,Neutral
2019-04-24,526.0,,0.0,Neutral
2019-04-25,524.0,,0.0,Neutral
2019-04-28,557.0,,0.0,Neutral
2019-04-29,548.0,,0.0,Neutral
2019-04-30,530.0,,0.0,Neutral
2019-05-02,529.0,,0.0,Neutral
2019-05-05,520.0,,0.0,Neutral
2019-05-06,528.0,,0.0,Neutral
2019-05-07,526.0,,0.0,Neutral
2019-05-08,521.0,,0.0,Neutral
2019-05-09,524.0,,0.0,Neutral
2019-05-12,527.0,,0.0,Neutral
2019-05-13,528.0,,0.0,Neutral
2019-05-14,527.0,2019-05-14,-0.8867195248603821,Strongly Negative
2019-05-15,527.0,,0.0,Neutral
2019-05-16,523.0,,0.0,Neutral
2019-05-19,523.0,,0.0,Neutral
2019-05-20,515.0,,0.0,Neutral
2019-05-21,520.0,,0.0,Neutral
2019-05-22,519.0,,0.0,Neutral
2019-05-23,515.0,,0.0,Neutral
2019-05-26,514.0,,0.0,Neutral
2019-05-27,513.0,,0.0,Neutral
2019-05-28,516.0,,0.0,Neutral
2019-05-29,514.0,,0.0,Neutral
2019-05-30,511.0,,0.0,Neutral
2019-06-02,512.0,,0.0,Neutral
2019-06-03,507.0,,0.0,Neutral
2019-06-04,500.0,,0.0,Neutral
2019-06-06,499.0,2019-06-06,0.9032296538352966,Strongly Positive
2019-06-10,500.0,,0.0,Neutral
2019-06-11,500.0,,0.0,Neutral
2019-06-12,491.0,,0.0,Neutral
2019-06-13,495.0,,0.0,Neutral
2019-06-16,492.0,,0.0,Neutral
2019-06-17,495.0,,0.0,Neutral
2019-06-18,486.0,,0.0,Neutral
2019-06-19,492.0,,0.0,Neutral
2019-06-20,486.0,,0.0,Neutral
2019-06-23,474.0,,0.0,Neutral
2019-06-24,475.0,,0.0,Neutral
2019-06-25,475.0,2019-06-25,-0.5985239744186401,Negative
2019-06-26,471.0,,0.0,Neutral
2019-06-27,469.0,,0.0,Neutral
2019-06-30,464.0,,0.0,Neutral
2019-07-01,462.0,,0.0,Neutral
2019-07-02,479.0,,0.0,Neutral
2019-07-03,493.0,2019-07-03,0.7517908215522766,Strongly Positive
2019-07-04,484.0,,0.0,Neutral
2019-07-07,486.0,,0.0,Neutral
2019-07-08,482.0,,0.0,Neutral
2019-07-09,480.0,,0.0,Neutral
2019-07-10,489.0,,0.0,Neutral
2019-07-11,483.0,,0.0,Neutral
2019-07-14,486.0,,0.0,Neutral
2019-07-15,488.0,,0.0,Neutral
2019-07-16,495.0,,0.0,Neutral
2019-07-17,495.0,2019-07-17,0.8922961354255676,Strongly Positive
2019-07-18,492.0,,0.0,Neutral
2019-07-21,492.0,,0.0,Neutral
2019-07-22,488.0,,0.0,Neutral
2019-07-23,482.0,,0.0,Neutral
2019-07-24,492.0,,0.0,Neutral
2019-07-25,486.0,,0.0,Neutral
2019-07-28,472.0,2019-07-28,0.9280278086662292,Strongly Positive
2019-07-29,475.0,,0.0,Neutral
2019-07-30,476.0,2019-07-30,0.9218172430992126,Strongly Positive
2019-07-31,477.0,,0.0,Neutral
2019-08-01,483.0,,0.0,Neutral
2019-08-04,482.0,,0.0,Neutral
2019-08-05,483.0,,0.0,Neutral
2019-08-06,475.0,2019-08-06,0.7489625215530396,Strongly Positive
2019-08-07,471.0,,0.0,Neutral
2019-08-08,468.0,,0.0,Neutral
2019-08-11,463.0,,0.0,Neutral
2019-08-12,460.0,,0.0,Neutral
2019-08-13,463.0,,0.0,Neutral
2019-08-14,460.0,,0.0,Neutral
2019-08-15,457.0,,0.0,Neutral
2019-08-18,451.0,,0.0,Neutral
2019-08-19,452.0,2019-08-19,0.08666500449180603,Slightly Positive
2019-08-20,396.0,,0.0,Neutral
2019-08-21,399.0,,0.0,Neutral
2019-08-22,398.0,,0.0,Neutral
2019-08-25,398.0,,0.0,Neutral
2019-08-26,395.0,2019-08-26,0.8525606393814087,Strongly Positive
2019-08-27,400.0,,0.0,Neutral
2019-08-28,392.0,,0.0,Neutral
2019-08-29,386.0,,0.0,Neutral
2019-09-01,384.0,,0.0,Neutral
2019-09-02,380.0,,0.0,Neutral
2019-09-03,394.0,,0.0,Neutral
2019-09-04,390.0,,0.0,Neutral
2019-09-05,392.0,,0.0,Neutral
2019-09-08,391.0,,0.0,Neutral
2019-09-09,383.0,,0.0,Neutral
2019-09-10,382.0,,0.0,Neutral
2019-09-11,383.0,,0.0,Neutral
2019-09-12,379.0,,0.0,Neutral
2019-09-15,367.0,,0.0,Neutral
2019-09-16,359.0,,0.0,Neutral
2019-09-17,368.0,,0.0,Neutral
2019-09-18,379.0,,0.0,Neutral
2019-09-19,379.0,,0.0,Neutral
2019-09-22,366.0,,0.0,Neutral
2019-09-23,361.0,,0.0,Neutral
2019-09-24,356.0,,0.0,Neutral
2019-09-25,352.0,,0.0,Neutral
2019-09-26,353.0,,0.0,Neutral
2019-09-29,357.0,,0.0,Neutral
2019-09-30,365.0,,0.0,Neutral
2019-10-01,364.0,,0.0,Neutral
2019-10-02,360.0,,0.0,Neutral
2019-10-03,355.0,,0.0,Neutral
2019-10-10,360.0,,0.0,Neutral
2019-10-14,367.0,,0.0,Neutral
2019-10-15,369.0,,0.0,Neutral
2019-10-16,363.0,,0.0,Neutral
2019-10-17,360.0,,0.0,Neutral
2019-10-20,359.0,,0.0,Neutral
2019-10-21,354.0,,0.0,Neutral
2019-10-22,351.0,,0.0,Neutral
2019-10-23,372.0,,0.0,Neutral
2019-10-24,370.0,,0.0,Neutral
2019-10-31,379.0,,0.0,Neutral
2019-11-03,375.0,,0.0,Neutral
2019-11-04,377.0,,0.0,Neutral
2019-11-05,377.0,,0.0,Neutral
2019-11-06,377.0,,0.0,Neutral
2019-11-07,377.0,,0.0,Neutral
2019-11-10,378.0,2019-11-10,0.9285526275634766,Strongly Positive
2019-11-11,380.0,,0.0,Neutral
2019-11-12,380.0,,0.0,Neutral
2019-11-13,382.0,,0.0,Neutral
2019-11-14,379.0,,0.0,Neutral
2019-11-17,374.0,,0.0,Neutral
2019-11-18,378.0,,0.0,Neutral
2019-11-19,377.0,2019-11-19,-0.0127621851861476,Neutral
2019-11-20,377.0,,0.0,Neutral
2019-11-21,376.0,,0.0,Neutral
2019-11-24,378.0,,0.0,Neutral
2019-11-25,375.0,,0.0,Neutral
2019-11-26,375.0,2019-11-26,0.9024161100387572,Strongly Positive
2019-11-27,378.0,,0.0,Neutral
2019-11-28,372.0,,0.0,Neutral
2019-12-01,370.0,,0.0,Neutral
2019-12-02,370.0,,0.0,Neutral
2019-12-03,370.0,,0.0,Neutral
2019-12-04,387.0,2019-12-04,0.9280620217323304,Strongly Positive
2019-12-05,381.0,,0.0,Neutral
2019-12-08,380.0,,0.0,Neutral
2019-12-09,390.0,,0.0,Neutral
2019-12-10,391.0,,0.0,Neutral
2019-12-11,410.0,,0.0,Neutral
2019-12-12,438.0,,0.0,Neutral
2019-12-15,425.0,,0.0,Neutral
2019-12-16,410.0,,0.0,Neutral
2019-12-17,417.0,,0.0,Neutral
2019-12-18,412.0,,0.0,Neutral
2019-12-19,404.0,,0.0,Neutral
2019-12-22,409.0,,0.0,Neutral
2019-12-23,420.0,,0.0,Neutral
2019-12-24,412.0,,0.0,Neutral
2019-12-25,413.0,,0.0,Neutral
2019-12-26,420.0,,0.0,Neutral
2019-12-29,411.0,,0.0,Neutral
2019-12-30,415.0,,0.0,Neutral
2019-12-31,417.0,,0.0,Neutral
2020-01-01,417.0,,0.0,Neutral
2020-01-02,413.0,,0.0,Neutral
2020-01-05,425.0,,0.0,Neutral
2020-01-06,404.0,2020-01-06,0.412561297416687,Positive
2020-01-07,407.0,,0.0,Neutral
2020-01-08,400.0,,0.0,Neutral
2020-01-09,400.0,,0.0,Neutral
2020-01-12,428.0,,0.0,Neutral
2020-01-13,435.0,,0.0,Neutral
2020-01-14,420.0,,0.0,Neutral
2020-01-15,427.0,,0.0,Neutral
2020-01-16,436.0,,0.0,Neutral
2020-01-19,470.0,,0.0,Neutral
2020-01-20,445.0,,0.0,Neutral
2020-01-21,456.0,,0.0,Neutral
2020-01-22,455.0,,0.0,Neutral
2020-01-23,465.0,,0.0,Neutral
2020-01-26,450.0,,0.0,Neutral
2020-01-27,469.0,,0.0,Neutral
2020-01-28,490.0,,0.0,Neutral
2020-01-29,492.0,,0.0,Neutral
2020-01-30,507.0,,0.0,Neutral
2020-02-02,533.0,,0.0,Neutral
2020-02-03,557.0,,0.0,Neutral
2020-02-04,570.0,,0.0,Neutral
2020-02-05,564.0,,0.0,Neutral
2020-02-06,558.0,,0.0,Neutral
2020-02-09,551.0,,0.0,Neutral
2020-02-10,560.0,,0.0,Neutral
2020-02-11,567.0,,0.0,Neutral
2020-02-12,576.0,,0.0,Neutral
2020-02-13,588.0,2020-02-13,0.0069303764030337,Neutral
2020-02-16,611.0,,0.0,Neutral
2020-02-17,615.0,,0.0,Neutral
2020-02-18,602.0,2020-02-18,0.874168336391449,Strongly Positive
2020-02-19,609.0,,0.0,Neutral
2020-02-20,657.0,,0.0,Neutral
2020-02-23,679.0,,0.0,Neutral
2020-02-24,662.0,2020-02-24,0.2999306619167328,Positive
2020-02-25,700.0,,0.0,Neutral
2020-02-26,695.0,,0.0,Neutral
2020-02-27,673.0,,0.0,Neutral
2020-03-01,639.0,2020-03-01,0.6236904859542847,Strongly Positive
2020-03-02,585.0,,0.0,Neutral
2020-03-03,620.0,,0.0,Neutral
2020-03-04,579.0,,0.0,Neutral
2020-03-05,590.0,,0.0,Neutral
2020-03-10,531.0,,0.0,Neutral
2020-03-11,584.0,,0.0,Neutral
2020-03-12,554.0,,0.0,Neutral
2020-03-15,516.0,,0.0,Neutral
2020-03-16,521.0,,0.0,Neutral
2020-03-17,482.0,,0.0,Neutral
2020-03-18,481.0,,0.0,Neutral
2020-03-19,486.0,,0.0,Neutral
2020-03-22,485.0,2020-03-22,0.9226998686790466,Strongly Positive
2020-05-12,471.0,,0.0,Neutral
2020-05-13,462.0,,0.0,Neutral
2020-06-29,462.0,,0.0,Neutral
2020-06-30,508.0,,0.0,Neutral
2020-07-01,558.0,,0.0,Neutral
2020-07-02,518.0,,0.0,Neutral
2020-07-05,535.0,,0.0,Neutral
2020-07-06,560.0,,0.0,Neutral
2020-07-07,603.0,,0.0,Neutral
2020-07-08,596.0,,0.0,Neutral
2020-07-09,600.0,,0.0,Neutral
2020-07-12,610.0,,0.0,Neutral
2020-07-13,612.0,,0.0,Neutral
2020-07-14,604.0,,0.0,Neutral
2020-07-15,607.0,,0.0,Neutral
2020-07-16,615.0,,0.0,Neutral
2020-07-19,639.0,,0.0,Neutral
2020-07-20,623.0,,0.0,Neutral
2020-07-21,631.0,,0.0,Neutral
2020-07-22,638.0,,0.0,Neutral
2020-07-23,665.0,2020-07-23,0.317283034324646,Positive
2020-07-26,666.0,,0.0,Neutral
2020-07-27,648.0,,0.0,Neutral
2020-07-28,641.0,,0.0,Neutral
2020-07-29,632.0,,0.0,Neutral
2020-07-30,642.0,,0.0,Neutral
2020-08-02,618.0,,0.0,Neutral
2020-08-03,624.0,,0.0,Neutral
2020-08-05,610.0,,0.0,Neutral
2020-08-06,618.0,2020-08-06,0.7976223230361938,Strongly Positive
2020-08-09,620.0,,0.0,Neutral
2020-08-10,640.0,,0.0,Neutral
2020-08-11,638.0,,0.0,Neutral
2020-08-12,639.0,,0.0,Neutral
2020-08-13,631.0,,0.0,Neutral
2020-08-16,630.0,,0.0,Neutral
2020-08-17,656.0,,0.0,Neutral
2020-08-18,672.0,,0.0,Neutral
2020-08-19,665.0,2020-08-19,0.6155098676681519,Strongly Positive
2020-08-20,677.0,2020-08-20,0.7692630290985107,Strongly Positive
2020-08-23,726.0,,0.0,Neutral
2020-08-24,732.0,,0.0,Neutral
2020-08-25,731.0,,0.0,Neutral
2020-08-26,755.0,,0.0,Neutral
2020-08-27,777.0,,0.0,Neutral
2020-08-30,776.0,,0.0,Neutral
2020-08-31,798.0,,0.0,Neutral
2020-09-02,772.0,,0.0,Neutral
2020-09-03,789.0,,0.0,Neutral
2020-09-06,790.0,,0.0,Neutral
2020-09-07,790.0,,0.0,Neutral
2020-09-08,802.0,,0.0,Neutral
2020-09-09,828.0,,0.0,Neutral
2020-09-10,838.0,,0.0,Neutral
2020-09-13,844.0,,0.0,Neutral
2020-09-14,824.0,,0.0,Neutral
2020-09-15,826.0,,0.0,Neutral
2020-09-16,834.0,,0.0,Neutral
2020-09-17,829.0,,0.0,Neutral
2020-09-20,827.0,,0.0,Neutral
2020-09-21,824.0,,0.0,Neutral
2020-09-22,815.0,,0.0,Neutral
2020-09-23,827.0,,0.0,Neutral
2020-09-24,824.0,,0.0,Neutral
2020-09-27,818.0,,0.0,Neutral
2020-09-28,819.0,2020-09-28,0.8911731839179993,Strongly Positive
2020-09-29,813.0,2020-09-29,0.9259583950042723,Strongly Positive
2020-09-30,813.0,,0.0,Neutral
2020-10-01,840.0,,0.0,Neutral
2020-10-04,838.0,,0.0,Neutral
2020-10-05,828.0,,0.0,Neutral
2020-10-06,816.0,2020-10-06,0.9246492385864258,Strongly Positive
2020-10-07,822.0,,0.0,Neutral
2020-10-08,820.0,,0.0,Neutral
2020-10-11,815.0,,0.0,Neutral
2020-10-12,810.0,,0.0,Neutral
2020-10-13,804.0,,0.0,Neutral
2020-10-14,793.0,,0.0,Neutral
2020-10-15,791.0,,0.0,Neutral
2020-10-18,791.0,,0.0,Neutral
2020-10-19,806.0,,0.0,Neutral
2020-10-20,806.0,2020-10-20,0.9256147742271424,Strongly Positive
2020-10-21,810.0,,0.0,Neutral
2020-10-22,805.0,,0.0,Neutral
2020-10-28,815.0,,0.0,Neutral
2020-10-29,823.0,,0.0,Neutral
2020-11-01,818.0,2020-11-01,0.7495832443237305,Strongly Positive
2020-11-02,814.0,,0.0,Neutral
2020-11-03,817.0,2020-11-03,0.8511021733283997,Strongly Positive
2020-11-04,815.0,,0.0,Neutral
2020-11-05,806.0,,0.0,Neutral
2020-11-08,809.0,,0.0,Neutral
2020-11-09,810.0,,0.0,Neutral
2020-11-10,822.0,,0.0,Neutral
2020-11-11,836.0,,0.0,Neutral
2020-11-12,835.0,,0.0,Neutral
2020-11-18,885.0,,0.0,Neutral
2020-11-19,973.0,2020-11-19,0.463296890258789,Positive
2020-11-22,1016.0,,0.0,Neutral
2020-11-23,1000.0,,0.0,Neutral
2020-11-24,1090.0,2020-11-24,0.0716480612754821,Slightly Positive
2020-11-25,1115.0,,0.0,Neutral
2020-11-26,1080.0,,0.0,Neutral
2020-11-29,1080.0,,0.0,Neutral
2020-11-30,1110.0,,0.0,Neutral
2020-12-01,1166.0,,0.0,Neutral
2020-12-02,1282.0,,0.0,Neutral
2020-12-03,1253.0,,0.0,Neutral
2020-12-06,1133.0,,0.0,Neutral
2020-12-07,1208.0,,0.0,Neutral
2020-12-08,1191.0,,0.0,Neutral
2020-12-09,1150.0,,0.0,Neutral
2020-12-10,1160.0,,0.0,Neutral
2020-12-13,1185.0,,0.0,Neutral
2020-12-14,1281.0,,0.0,Neutral
2020-12-15,1250.0,,0.0,Neutral
2020-12-16,1235.0,,0.0,Neutral
2020-12-17,1205.0,,0.0,Neutral
2020-12-20,1115.0,,0.0,Neutral
2020-12-21,1145.0,,0.0,Neutral
2020-12-22,1200.0,,0.0,Neutral
2020-12-23,1209.0,,0.0,Neutral
2020-12-24,1190.0,,0.0,Neutral
2020-12-27,1146.0,,0.0,Neutral
2020-12-28,1161.0,,0.0,Neutral
2020-12-29,1159.0,,0.0,Neutral
2020-12-30,1177.0,,0.0,Neutral
2020-12-31,1165.0,,0.0,Neutral
2021-01-03,1204.0,,0.0,Neutral
2021-01-04,1206.0,,0.0,Neutral
2021-01-05,1210.0,,0.0,Neutral
2021-01-06,1229.0,,0.0,Neutral
2021-01-07,1235.0,,0.0,Neutral
2021-01-10,1245.0,,0.0,Neutral
2021-01-11,1255.0,,0.0,Neutral
2021-01-12,1260.0,,0.0,Neutral
2021-01-13,1280.0,,0.0,Neutral
2021-01-17,1320.0,,0.0,Neutral
2021-01-18,1323.0,,0.0,Neutral
2021-01-19,1306.0,,0.0,Neutral
2021-01-20,1309.0,,0.0,Neutral
2021-01-21,1373.0,,0.0,Neutral
2021-01-24,1442.0,,0.0,Neutral
2021-01-25,1412.0,,0.0,Neutral
2021-01-26,1410.0,,0.0,Neutral
2021-01-27,1442.0,,0.0,Neutral
2021-01-28,1480.0,,0.0,Neutral
2021-01-31,1431.0,,0.0,Neutral
2021-02-01,1459.0,,0.0,Neutral
2021-02-02,1542.0,,0.0,Neutral
2021-02-03,1510.0,,0.0,Neutral
2021-02-04,1512.0,,0.0,Neutral
2021-02-07,1586.0,,0.0,Neutral
2021-02-08,1587.0,,0.0,Neutral
2021-02-09,1554.0,,0.0,Neutral
2021-02-10,1565.0,,0.0,Neutral
2021-02-11,1582.0,,0.0,Neutral
2021-02-14,1699.0,,0.0,Neutral
2021-02-15,1829.0,,0.0,Neutral
2021-02-16,1824.0,2021-02-16,0.3961822986602783,Positive
2021-02-17,1791.0,,0.0,Neutral
2021-02-18,1778.0,,0.0,Neutral
2021-02-21,1753.0,,0.0,Neutral
2021-02-22,1713.0,,0.0,Neutral
2021-02-23,1704.0,,0.0,Neutral
2021-02-24,1759.0,,0.0,Neutral
2021-02-25,1755.0,,0.0,Neutral
2021-02-28,1692.0,,0.0,Neutral
2021-03-01,1710.0,,0.0,Neutral
2021-03-02,1655.0,,0.0,Neutral
2021-03-03,1644.0,,0.0,Neutral
2021-03-04,1700.0,,0.0,Neutral
2021-03-07,1670.0,,0.0,Neutral
2021-03-09,1645.0,,0.0,Neutral
2021-03-10,1628.0,,0.0,Neutral
2021-03-14,1578.0,,0.0,Neutral
2021-03-15,1565.0,,0.0,Neutral
2021-03-16,1585.0,,0.0,Neutral
2021-03-17,1599.0,,0.0,Neutral
2021-03-18,1620.0,,0.0,Neutral
2021-03-21,1685.0,,0.0,Neutral
2021-03-22,1655.0,,0.0,Neutral
2021-03-23,1658.0,,0.0,Neutral
2021-03-24,1650.0,,0.0,Neutral
2021-03-25,1621.0,,0.0,Neutral
2021-03-29,1622.0,,0.0,Neutral
2021-03-30,1648.0,,0.0,Neutral
2021-03-31,1670.0,,0.0,Neutral
2021-04-01,1689.0,,0.0,Neutral
2021-04-04,1735.0,,0.0,Neutral
2021-04-05,1711.0,,0.0,Neutral
2021-04-06,1692.0,,0.0,Neutral
2021-04-07,1667.0,,0.0,Neutral
2021-04-08,1664.0,,0.0,Neutral
2021-04-12,1671.0,2021-04-12,0.8305407166481018,Strongly Positive
2021-04-13,1665.0,,0.0,Neutral
2021-04-15,1661.0,,0.0,Neutral
2021-04-18,1645.0,,0.0,Neutral
2021-04-19,1634.0,,0.0,Neutral
2021-04-20,1631.0,,0.0,Neutral
2021-04-21,1611.0,,0.0,Neutral
2021-04-22,1612.0,,0.0,Neutral
2021-04-25,1574.0,,0.0,Neutral
2021-04-26,1520.0,,0.0,Neutral
2021-04-27,1593.0,,0.0,Neutral
2021-04-28,1575.0,,0.0,Neutral
2021-04-29,1577.0,,0.0,Neutral
2021-05-02,1658.0,,0.0,Neutral
2021-05-03,1645.0,,0.0,Neutral
2021-05-04,1649.0,,0.0,Neutral
2021-05-05,1680.0,,0.0,Neutral
2021-05-06,1656.0,,0.0,Neutral
2021-05-09,1630.0,,0.0,Neutral
2021-05-10,1650.0,2021-05-10,0.4095442593097687,Positive
2021-05-11,1663.0,,0.0,Neutral
2021-05-12,1659.0,,0.0,Neutral
2021-05-13,1648.0,,0.0,Neutral
2021-05-16,1698.0,,0.0,Neutral
2021-05-17,1685.0,,0.0,Neutral
2021-05-18,1687.0,2021-05-18,0.2349386066198349,Positive
2021-05-19,1694.0,,0.0,Neutral
2021-05-20,1682.0,,0.0,Neutral
2021-05-23,1707.0,,0.0,Neutral
2021-05-24,1737.0,2021-05-24,0.8854870200157166,Strongly Positive
2021-05-25,1721.0,,0.0,Neutral
2021-05-27,1695.0,,0.0,Neutral
2021-05-30,1688.0,,0.0,Neutral
2021-05-31,1674.0,,0.0,Neutral
2021-06-01,1663.0,,0.0,Neutral
2021-06-02,1670.0,,0.0,Neutral
2021-06-03,1678.0,,0.0,Neutral
2021-06-06,1662.0,,0.0,Neutral
2021-06-07,1671.0,,0.0,Neutral
2021-06-08,1717.0,,0.0,Neutral
2021-06-09,1717.0,,0.0,Neutral
2021-06-10,1703.0,,0.0,Neutral
2021-06-13,1692.0,,0.0,Neutral
2021-06-14,1693.0,,0.0,Neutral
2021-06-15,1690.0,,0.0,Neutral
2021-06-16,1679.0,,0.0,Neutral
2021-06-17,1668.0,,0.0,Neutral
2021-06-20,1648.0,,0.0,Neutral
2021-06-21,1615.0,,0.0,Neutral
2021-06-22,1641.0,,0.0,Neutral
2021-06-23,1619.0,,0.0,Neutral
2021-06-24,1612.0,,0.0,Neutral
2021-06-27,1668.0,,0.0,Neutral
2021-06-28,1658.0,,0.0,Neutral
2021-06-29,1648.0,,0.0,Neutral
2021-06-30,1644.0,,0.0,Neutral
2021-07-01,1650.0,2021-07-01,0.8974301218986511,Strongly Positive
2021-07-04,1393.0,,0.0,Neutral
2021-07-05,1354.0,,0.0,Neutral
2021-07-06,1336.0,,0.0,Neutral
2021-07-07,1322.0,,0.0,Neutral
2021-07-08,1318.0,,0.0,Neutral
2021-07-11,1381.0,,0.0,Neutral
2021-07-12,1355.0,,0.0,Neutral
2021-07-13,1368.0,,0.0,Neutral
2021-07-14,1359.0,,0.0,Neutral
2021-07-15,1348.0,,0.0,Neutral
2021-07-18,1400.0,,0.0,Neutral
2021-07-19,1399.0,,0.0,Neutral
2021-07-20,1391.0,,0.0,Neutral
2021-07-22,1385.0,,0.0,Neutral
2021-07-25,1385.0,,0.0,Neutral
2021-07-26,1390.0,,0.0,Neutral
2021-07-27,1414.0,,0.0,Neutral
2021-07-28,1489.0,,0.0,Neutral
2021-07-29,1480.0,,0.0,Neutral
2021-08-01,1470.0,,0.0,Neutral
2021-08-02,1459.0,,0.0,Neutral
2021-08-03,1460.0,,0.0,Neutral
2021-08-04,1451.0,,0.0,Neutral
2021-08-05,1438.1,,0.0,Neutral
2021-08-08,1412.0,,0.0,Neutral
2021-08-09,1441.0,,0.0,Neutral
2021-08-10,1465.0,,0.0,Neutral
2021-08-11,1451.0,,0.0,Neutral
2021-08-12,1446.0,,0.0,Neutral
2021-08-15,1434.5,,0.0,Neutral
2021-08-16,1452.0,2021-08-16,0.4781666398048401,Positive
2021-08-17,1455.0,,0.0,Neutral
2021-08-18,1465.0,,0.0,Neutral
2021-08-19,1517.0,,0.0,Neutral
2021-08-24,1593.8,,0.0,Neutral
2021-08-25,1548.0,,0.0,Neutral
2021-08-26,1533.0,2021-08-26,0.035173587501049,Neutral
2021-08-29,1491.0,,0.0,Neutral
2021-08-31,1461.0,,0.0,Neutral
2021-09-01,1446.0,,0.0,Neutral
2021-09-02,1415.0,,0.0,Neutral
2021-09-05,1373.0,,0.0,Neutral
2021-09-06,1445.0,,0.0,Neutral
2021-09-07,1408.0,,0.0,Neutral
2021-09-08,1370.0,,0.0,Neutral
2021-09-09,1355.0,,0.0,Neutral
2021-09-12,1370.0,,0.0,Neutral
2021-09-13,1390.0,,0.0,Neutral
2021-09-14,1385.0,,0.0,Neutral
2021-09-15,1370.0,,0.0,Neutral
2021-09-16,1335.0,,0.0,Neutral
2021-09-20,1282.0,,0.0,Neutral
2021-09-21,1289.0,,0.0,Neutral
2021-09-22,1339.0,,0.0,Neutral
2021-09-23,1315.0,,0.0,Neutral
2021-09-26,1293.0,,0.0,Neutral
2021-09-27,1243.0,,0.0,Neutral
2021-09-28,1205.0,,0.0,Neutral
2021-09-29,1220.0,,0.0,Neutral
2021-09-30,1219.9,,0.0,Neutral
2021-10-03,1210.0,,0.0,Neutral
2021-10-04,1213.0,,0.0,Neutral
2021-10-05,1237.0,,0.0,Neutral
2021-10-06,1271.0,,0.0,Neutral
2021-10-10,1280.0,,0.0,Neutral
2021-10-11,1280.0,,0.0,Neutral
2021-10-17,1288.0,,0.0,Neutral
2021-10-18,1252.6,,0.0,Neutral
2021-10-19,1215.0,,0.0,Neutral
2021-10-20,1224.0,,0.0,Neutral
2021-10-21,1219.0,,0.0,Neutral
2021-10-24,1222.0,,0.0,Neutral
2021-10-25,1275.0,,0.0,Neutral
2021-10-26,1306.0,,0.0,Neutral
2021-10-27,1310.0,,0.0,Neutral
2021-10-28,1297.0,,0.0,Neutral
2021-10-31,1354.0,,0.0,Neutral
2021-11-01,1347.0,,0.0,Neutral
2021-11-02,1375.0,2021-11-02,0.9219480752944946,Strongly Positive
2021-11-03,1350.0,,0.0,Neutral
2021-11-08,1324.0,,0.0,Neutral
2021-11-09,1280.0,,0.0,Neutral
2021-11-11,1254.0,,0.0,Neutral
2021-11-14,1245.0,,0.0,Neutral
2021-11-15,1263.0,,0.0,Neutral
2021-11-16,1260.0,,0.0,Neutral
2021-11-17,1250.0,,0.0,Neutral
2021-11-18,1229.0,,0.0,Neutral
2021-11-21,1230.0,,0.0,Neutral
2021-11-22,1244.0,2021-11-22,0.0394156537950038,Neutral
2021-11-23,1222.0,,0.0,Neutral
2021-11-24,1217.0,,0.0,Neutral
2021-11-25,1211.0,,0.0,Neutral
2021-11-28,1179.0,2021-11-28,0.907630980014801,Strongly Positive
2021-11-29,1155.0,,0.0,Neutral
2021-11-30,1159.0,,0.0,Neutral
2021-12-01,1161.0,,0.0,Neutral
2021-12-02,1125.0,,0.0,Neutral
2021-12-05,1076.0,,0.0,Neutral
2021-12-06,1069.9,,0.0,Neutral
2021-12-07,1065.0,,0.0,Neutral
2021-12-08,1037.0,,0.0,Neutral
2021-12-09,1042.0,,0.0,Neutral
2021-12-12,996.0,,0.0,Neutral
2021-12-13,956.0,,0.0,Neutral
2021-12-14,1017.0,,0.0,Neutral
2021-12-15,1010.0,,0.0,Neutral
2021-12-16,990.0,,0.0,Neutral
2021-12-20,969.0,,0.0,Neutral
2021-12-21,990.0,,0.0,Neutral
2021-12-22,1023.0,,0.0,Neutral
2021-12-23,1105.0,,0.0,Neutral
2021-12-26,1212.0,,0.0,Neutral
2021-12-27,1142.0,,0.0,Neutral
2021-12-28,1123.0,,0.0,Neutral
2021-12-29,1145.0,,0.0,Neutral
2022-01-02,1193.0,,0.0,Neutral
2022-01-03,1200.0,,0.0,Neutral
2022-01-04,1200.0,,0.0,Neutral
2022-01-05,1175.0,,0.0,Neutral
2022-01-06,1199.0,,0.0,Neutral
2022-01-09,1225.0,,0.0,Neutral
2022-01-10,1250.0,,0.0,Neutral
2022-01-11,1280.0,,0.0,Neutral
2022-01-12,1241.0,,0.0,Neutral
2022-01-13,1315.0,,0.0,Neutral
2022-01-16,1340.0,,0.0,Neutral
2022-01-17,1323.0,2022-01-17,0.9089137315750122,Strongly Positive
2022-01-18,1290.0,,0.0,Neutral
2022-01-19,1274.0,,0.0,Neutral
2022-01-20,1307.0,,0.0,Neutral
2022-01-23,1311.0,,0.0,Neutral
2022-01-24,1275.0,,0.0,Neutral
2022-01-25,1266.0,,0.0,Neutral
2022-01-26,1250.0,,0.0,Neutral
2022-01-27,1272.0,,0.0,Neutral
2022-01-30,1309.0,,0.0,Neutral
2022-01-31,1291.0,,0.0,Neutral
2022-02-01,1300.0,,0.0,Neutral
2022-02-03,1299.0,,0.0,Neutral
2022-02-06,1276.0,,0.0,Neutral
2022-02-07,1287.4,,0.0,Neutral
2022-02-08,1276.0,,0.0,Neutral
2022-02-09,1266.0,,0.0,Neutral
2022-02-10,1263.9,,0.0,Neutral
2022-02-13,1210.0,,0.0,Neutral
2022-02-14,1192.0,,0.0,Neutral
2022-02-15,1204.0,,0.0,Neutral
2022-02-16,1170.0,2022-02-16,0.2297058701515197,Positive
2022-02-17,1185.0,,0.0,Neutral
2022-02-20,1145.1,,0.0,Neutral
2022-02-21,1144.0,,0.0,Neutral
2022-02-22,1158.8,,0.0,Neutral
2022-02-23,1140.0,,0.0,Neutral
2022-02-24,1116.0,,0.0,Neutral
2022-02-27,1100.0,,0.0,Neutral
2022-02-28,1090.0,,0.0,Neutral
2022-03-02,1083.0,2022-03-02,0.922985851764679,Strongly Positive
2022-03-06,1093.0,,0.0,Neutral
2022-03-07,1100.0,,0.0,Neutral
2022-03-09,1098.5,,0.0,Neutral
2022-03-10,1130.0,,0.0,Neutral
2022-03-13,1186.0,,0.0,Neutral
2022-03-14,1200.0,2022-03-14,0.905577540397644,Strongly Positive
2022-03-15,1025.0,,0.0,Neutral
2022-03-16,1024.0,,0.0,Neutral
2022-03-20,1023.0,,0.0,Neutral
2022-03-21,1030.0,,0.0,Neutral
2022-03-22,1037.1,,0.0,Neutral
2022-03-23,1026.0,,0.0,Neutral
2022-03-24,1034.0,,0.0,Neutral
2022-03-27,1015.0,,0.0,Neutral
2022-03-28,989.0,,0.0,Neutral
2022-03-29,989.0,,0.0,Neutral
2022-03-30,1010.0,,0.0,Neutral
2022-03-31,1000.0,,0.0,Neutral
2022-04-03,983.0,,0.0,Neutral
2022-04-04,967.0,,0.0,Neutral
2022-04-05,943.0,,0.0,Neutral
2022-04-06,917.0,,0.0,Neutral
2022-04-07,928.0,,0.0,Neutral
2022-04-11,895.0,,0.0,Neutral
2022-04-12,878.3,,0.0,Neutral
2022-04-13,894.0,,0.0,Neutral
2022-04-17,880.0,,0.0,Neutral
2022-04-18,866.9,,0.0,Neutral
2022-04-19,865.0,,0.0,Neutral
2022-04-20,865.0,,0.0,Neutral
2022-04-21,860.0,,0.0,Neutral
2022-04-24,896.0,,0.0,Neutral
2022-04-25,876.0,,0.0,Neutral
2022-04-26,875.0,,0.0,Neutral
2022-04-27,875.0,,0.0,Neutral
2022-04-28,875.0,2022-04-28,0.6053850650787354,Strongly Positive
2022-05-02,873.1,,0.0,Neutral
2022-05-04,865.0,,0.0,Neutral
2022-05-05,832.1,,0.0,Neutral
2022-05-08,826.0,,0.0,Neutral
2022-05-09,845.0,,0.0,Neutral
2022-05-10,859.8,,0.0,Neutral
2022-05-11,877.0,,0.0,Neutral
2022-05-12,878.0,2022-05-12,0.0324035249650478,Neutral
2022-05-17,829.0,,0.0,Neutral
2022-05-18,834.0,,0.0,Neutral
2022-05-19,810.0,,0.0,Neutral
2022-05-20,800.0,,0.0,Neutral
2022-05-23,778.0,2022-05-23,0.5850341320037842,Positive
2022-05-24,780.0,,0.0,Neutral
2022-05-25,789.0,,0.0,Neutral
2022-05-26,786.0,,0.0,Neutral
2022-05-27,780.0,,0.0,Neutral
2022-05-30,765.0,2022-05-30,0.0287593156099319,Neutral
2022-05-31,740.0,2022-05-31,0.837271124124527,Strongly Positive
2022-06-01,719.3,,0.0,Neutral
2022-06-02,714.0,2022-06-02,-0.8890580534934998,Strongly Negative
2022-06-03,696.0,,0.0,Neutral
2022-06-06,689.0,,0.0,Neutral
2022-06-07,680.0,2022-06-07,0.9054931998252868,Strongly Positive
2022-06-08,704.0,,0.0,Neutral
2022-06-09,695.0,,0.0,Neutral
2022-06-10,679.0,,0.0,Neutral
2022-06-13,672.0,,0.0,Neutral
2022-06-14,660.0,,0.0,Neutral
2022-06-15,661.0,,0.0,Neutral
2022-06-16,671.0,,0.0,Neutral
2022-06-17,676.0,,0.0,Neutral
2022-06-19,659.0,,0.0,Neutral
2022-06-20,624.0,,0.0,Neutral
2022-06-21,644.0,,0.0,Neutral
2022-06-22,626.3,,0.0,Neutral
2022-06-23,615.0,,0.0,Neutral
2022-06-24,624.9,,0.0,Neutral
2022-06-26,664.9,,0.0,Neutral
2022-06-27,662.0,,0.0,Neutral
2022-06-28,660.0,,0.0,Neutral
2022-06-29,675.0,,0.0,Neutral
2022-06-30,719.0,2022-06-30,0.7166825532913208,Strongly Positive
2022-07-01,715.0,,0.0,Neutral
2022-07-03,727.1,,0.0,Neutral
2022-07-04,710.0,,0.0,Neutral
2022-07-05,700.0,,0.0,Neutral
2022-07-06,702.0,,0.0,Neutral
2022-07-07,695.0,,0.0,Neutral
2022-07-08,680.0,,0.0,Neutral
2022-07-11,650.0,,0.0,Neutral
2022-07-12,652.0,,0.0,Neutral
2022-07-13,680.0,,0.0,Neutral
2022-07-14,689.0,,0.0,Neutral
2022-07-15,694.0,,0.0,Neutral
2022-07-17,677.5,,0.0,Neutral
2022-07-18,688.0,2022-07-18,0.7477666139602661,Strongly Positive
2022-07-19,696.0,,0.0,Neutral
2022-07-20,692.1,,0.0,Neutral
2022-07-21,692.0,,0.0,Neutral
2022-07-22,681.0,,0.0,Neutral
2022-07-24,696.0,,0.0,Neutral
2022-07-25,720.0,,0.0,Neutral
2022-07-26,715.1,,0.0,Neutral
2022-07-27,720.0,,0.0,Neutral
2022-07-28,720.0,,0.0,Neutral
2022-07-29,715.0,,0.0,Neutral
2022-07-31,786.5,,0.0,Neutral
2022-08-01,785.0,,0.0,Neutral
2022-08-02,790.0,,0.0,Neutral
2022-08-03,780.0,,0.0,Neutral
2022-08-04,765.1,,0.0,Neutral
2022-08-05,751.3,,0.0,Neutral
2022-08-07,745.0,,0.0,Neutral
2022-08-08,728.2,,0.0,Neutral
2022-08-09,715.0,,0.0,Neutral
2022-08-10,705.0,,0.0,Neutral
2022-08-11,705.1,,0.0,Neutral
2022-08-14,700.0,,0.0,Neutral
2022-08-15,728.0,,0.0,Neutral
2022-08-16,720.0,,0.0,Neutral
2022-08-17,719.0,2022-08-17,0.0034944415092468,Neutral
2022-08-18,747.0,,0.0,Neutral
2022-08-21,766.0,,0.0,Neutral
2022-08-22,777.0,,0.0,Neutral
2022-08-23,775.0,,0.0,Neutral
2022-08-24,769.9,,0.0,Neutral
2022-08-25,762.0,,0.0,Neutral
2022-08-26,750.0,,0.0,Neutral
2022-08-28,735.0,,0.0,Neutral
2022-08-29,728.0,,0.0,Neutral
2022-08-30,737.0,,0.0,Neutral
2022-08-31,729.0,,0.0,Neutral
2022-09-01,733.0,,0.0,Neutral
2022-09-02,723.0,,0.0,Neutral
2022-09-04,730.0,,0.0,Neutral
2022-09-05,726.3,,0.0,Neutral
2022-09-06,721.0,,0.0,Neutral
2022-09-07,718.7,,0.0,Neutral
2022-09-08,722.0,2022-09-08,0.2067143619060516,Positive
2022-09-11,707.6,,0.0,Neutral
2022-09-12,705.2,,0.0,Neutral
2022-09-13,715.0,,0.0,Neutral
2022-09-14,735.0,,0.0,Neutral
2022-09-15,712.0,,0.0,Neutral
2022-09-16,713.9,,0.0,Neutral
2022-09-18,696.1,,0.0,Neutral
2022-09-20,670.0,,0.0,Neutral
2022-09-21,669.0,,0.0,Neutral
2022-09-22,675.0,,0.0,Neutral
2022-09-25,671.0,,0.0,Neutral
2022-09-27,670.7,,0.0,Neutral
2022-09-28,676.0,,0.0,Neutral
2022-09-29,675.1,2022-09-29,0.907343089580536,Strongly Positive
2022-10-09,688.0,,0.0,Neutral
2022-10-10,674.0,,0.0,Neutral
2022-10-11,668.0,,0.0,Neutral
2022-10-12,673.0,,0.0,Neutral
2022-10-13,681.0,,0.0,Neutral
2022-10-16,673.0,,0.0,Neutral
2022-10-17,672.2,,0.0,Neutral
2022-10-19,672.0,,0.0,Neutral
2022-10-20,681.0,,0.0,Neutral
2022-10-23,685.0,,0.0,Neutral
2022-10-31,680.0,,0.0,Neutral
2022-11-01,707.0,,0.0,Neutral
2022-11-02,719.0,,0.0,Neutral
2022-11-03,705.1,,0.0,Neutral
2022-11-06,718.0,,0.0,Neutral
2022-11-07,712.0,,0.0,Neutral
2022-11-08,720.0,,0.0,Neutral
2022-11-09,700.0,2022-11-09,0.6543766856193542,Strongly Positive
2022-11-10,696.6,,0.0,Neutral
2022-11-13,698.0,,0.0,Neutral
2022-11-14,700.0,,0.0,Neutral
2022-11-15,695.0,,0.0,Neutral
2022-11-16,696.0,,0.0,Neutral
2022-11-17,710.1,,0.0,Neutral
2022-11-22,706.0,,0.0,Neutral
2022-11-23,695.0,,0.0,Neutral
2022-11-24,699.9,,0.0,Neutral
2022-11-27,712.0,,0.0,Neutral
2022-11-28,710.0,2022-11-28,0.6333847641944885,Strongly Positive
2022-11-29,714.0,2022-11-29,0.1820698231458664,Slightly Positive
2022-11-30,701.4,,0.0,Neutral
2022-12-01,710.1,,0.0,Neutral
2022-12-04,719.0,,0.0,Neutral
2022-12-05,723.0,2022-12-05,0.9043914079666138,Strongly Positive
2022-12-06,720.0,,0.0,Neutral
2022-12-07,715.0,2022-12-07,0.5911246538162231,Positive
2022-12-11,715.0,,0.0,Neutral
2022-12-12,715.0,,0.0,Neutral
2022-12-13,718.8,,0.0,Neutral
2022-12-14,714.0,,0.0,Neutral
2022-12-15,712.3,,0.0,Neutral
2022-12-18,705.0,,0.0,Neutral
2022-12-19,703.9,,0.0,Neutral
2022-12-20,706.1,,0.0,Neutral
2022-12-21,707.0,,0.0,Neutral
2022-12-22,700.0,,0.0,Neutral
2022-12-26,725.0,,0.0,Neutral
2022-12-27,747.0,,0.0,Neutral
2022-12-28,740.0,,0.0,Neutral
2022-12-29,779.0,,0.0,Neutral
2023-01-01,778.0,,0.0,Neutral
2023-01-02,808.0,,0.0,Neutral
2023-01-03,805.0,,0.0,Neutral
2023-01-04,834.0,,0.0,Neutral
2023-01-05,848.0,,0.0,Neutral
2023-01-08,909.9,,0.0,Neutral
2023-01-09,927.0,,0.0,Neutral
2023-01-10,904.3,,0.0,Neutral
2023-01-12,895.2,,0.0,Neutral
2023-01-17,786.1,,0.0,Neutral
2023-01-18,770.0,,0.0,Neutral
2023-01-19,769.0,,0.0,Neutral
2023-01-23,758.0,,0.0,Neutral
2023-01-24,753.0,,0.0,Neutral
2023-01-25,779.0,,0.0,Neutral
2023-01-26,794.0,,0.0,Neutral
2023-01-29,790.0,,0.0,Neutral
2023-01-30,761.0,,0.0,Neutral
2023-01-31,760.0,,0.0,Neutral
2023-02-01,753.0,,0.0,Neutral
2023-02-02,748.0,2023-02-02,0.5862101912498474,Positive
2023-02-05,748.0,,0.0,Neutral
2023-02-06,748.0,,0.0,Neutral
2023-02-07,777.7,,0.0,Neutral
2023-02-08,771.2,,0.0,Neutral
2023-02-09,785.0,,0.0,Neutral
2023-02-12,761.0,,0.0,Neutral
2023-02-14,768.0,,0.0,Neutral
2023-02-15,766.2,2023-02-15,0.2736892402172088,Positive
2023-02-16,760.0,,0.0,Neutral
2023-02-20,758.0,,0.0,Neutral
2023-02-22,765.0,,0.0,Neutral
2023-02-23,761.0,,0.0,Neutral
2023-02-26,762.1,,0.0,Neutral
2023-02-27,765.0,,0.0,Neutral
2023-02-28,770.0,,0.0,Neutral
2023-03-01,760.7,2023-03-01,0.7076188325881958,Strongly Positive
2023-03-02,760.0,,0.0,Neutral
2023-03-05,752.0,,0.0,Neutral
2023-03-07,755.0,,0.0,Neutral
2023-03-09,757.0,,0.0,Neutral
2023-03-12,762.0,,0.0,Neutral
2023-03-13,760.0,,0.0,Neutral
2023-03-14,761.0,,0.0,Neutral
2023-03-15,762.0,,0.0,Neutral
2023-03-16,771.9,,0.0,Neutral
2023-03-19,767.0,,0.0,Neutral
2023-03-20,774.5,,0.0,Neutral
2023-03-22,775.0,,0.0,Neutral
2023-03-23,769.0,,0.0,Neutral
2023-03-26,759.0,,0.0,Neutral
2023-03-27,749.9,,0.0,Neutral
2023-03-28,750.0,2023-03-28,0.8961024284362793,Strongly Positive
2023-03-29,750.1,,0.0,Neutral
2023-03-30,745.1,2023-03-30,0.905193567276001,Strongly Positive
2023-04-02,754.0,,0.0,Neutral
2023-04-03,754.9,,0.0,Neutral
2023-04-04,739.0,,0.0,Neutral
2023-04-05,732.0,,0.0,Neutral
2023-04-06,730.0,,0.0,Neutral
2023-04-09,708.0,,0.0,Neutral
2023-04-10,709.0,,0.0,Neutral
2023-04-11,715.0,,0.0,Neutral
2023-04-12,747.0,,0.0,Neutral
2023-04-13,745.0,,0.0,Neutral
2023-04-16,748.0,,0.0,Neutral
2023-04-17,742.5,,0.0,Neutral
2023-04-18,738.0,,0.0,Neutral
2023-04-19,746.0,,0.0,Neutral
2023-04-20,746.4,,0.0,Neutral
2023-04-23,744.0,,0.0,Neutral
2023-04-24,744.2,2023-04-24,0.7679360508918762,Strongly Positive
2023-04-25,745.0,,0.0,Neutral
2023-04-26,746.0,,0.0,Neutral
2023-04-27,738.2,2023-04-27,0.5954177975654602,Positive
2023-04-30,738.0,,0.0,Neutral
2023-05-02,733.1,,0.0,Neutral
2023-05-03,733.0,,0.0,Neutral
2023-05-04,733.0,,0.0,Neutral
2023-05-07,726.0,,0.0,Neutral
2023-05-08,723.0,,0.0,Neutral
2023-05-09,722.3,,0.0,Neutral
2023-05-10,725.0,,0.0,Neutral
2023-05-11,722.6,,0.0,Neutral
2023-05-14,724.0,,0.0,Neutral
2023-05-15,724.0,,0.0,Neutral
2023-05-16,724.0,2023-05-16,0.8925504088401794,Strongly Positive
2023-05-17,724.0,,0.0,Neutral
2023-05-18,738.0,,0.0,Neutral
2023-05-21,776.0,,0.0,Neutral
2023-05-22,768.0,,0.0,Neutral
2023-05-23,790.0,,0.0,Neutral
2023-05-24,791.0,,0.0,Neutral
2023-05-28,773.3,,0.0,Neutral
2023-05-30,750.0,,0.0,Neutral
2023-05-31,736.1,,0.0,Neutral
2023-06-01,743.8,,0.0,Neutral
2023-06-04,775.0,,0.0,Neutral
2023-06-05,784.0,2023-06-05,0.8475837111473083,Strongly Positive
2023-06-06,800.0,,0.0,Neutral
2023-06-07,785.0,,0.0,Neutral
2023-06-08,829.0,,0.0,Neutral
2023-06-11,846.0,,0.0,Neutral
2023-06-12,825.0,,0.0,Neutral
2023-06-13,861.0,,0.0,Neutral
2023-06-14,865.0,,0.0,Neutral
2023-06-15,880.0,,0.0,Neutral
2023-06-18,912.0,,0.0,Neutral
2023-06-19,890.0,,0.0,Neutral
2023-06-20,873.0,,0.0,Neutral
2023-06-21,860.0,2023-06-21,0.2829183936119079,Positive
2023-06-22,877.7,,0.0,Neutral
2023-06-25,917.0,,0.0,Neutral
2023-06-26,914.0,,0.0,Neutral
2023-06-27,900.0,,0.0,Neutral
2023-06-28,900.0,,0.0,Neutral
2023-07-02,875.0,,0.0,Neutral
2023-07-03,868.0,,0.0,Neutral
2023-07-04,888.0,2023-07-04,0.6136373281478882,Strongly Positive
2023-07-05,870.0,2023-07-05,0.7868540287017822,Strongly Positive
2023-07-06,873.0,,0.0,Neutral
2023-07-09,890.0,,0.0,Neutral
2023-07-10,887.0,,0.0,Neutral
2023-07-11,885.0,,0.0,Neutral
2023-07-12,907.8,,0.0,Neutral
2023-07-13,892.0,,0.0,Neutral
2023-07-16,891.1,,0.0,Neutral
2023-07-17,904.9,,0.0,Neutral
2023-07-18,900.0,,0.0,Neutral
2023-07-19,900.0,,0.0,Neutral
2023-07-20,885.0,,0.0,Neutral
2023-07-23,902.0,,0.0,Neutral
2023-07-24,900.0,,0.0,Neutral
2023-07-25,880.3,,0.0,Neutral
2023-07-26,880.0,,0.0,Neutral
2023-07-27,869.0,,0.0,Neutral
2023-07-30,845.1,,0.0,Neutral
2023-07-31,855.0,,0.0,Neutral
2023-08-01,840.0,,0.0,Neutral
2023-08-02,841.0,,0.0,Neutral
2023-08-03,832.0,,0.0,Neutral
2023-08-06,828.0,,0.0,Neutral
2023-08-07,836.0,,0.0,Neutral
2023-08-08,831.9,,0.0,Neutral
2023-08-09,851.0,,0.0,Neutral
2023-08-10,855.1,,0.0,Neutral
2023-08-13,866.0,,0.0,Neutral
2023-08-14,868.0,,0.0,Neutral
2023-08-15,853.0,,0.0,Neutral
2023-08-16,858.0,2023-08-16,0.0351008959114551,Neutral
2023-08-17,858.0,,0.0,Neutral
2023-08-20,852.0,,0.0,Neutral
2023-08-21,849.0,2023-08-21,-0.8837370872497559,Strongly Negative
2023-08-22,871.0,,0.0,Neutral
2023-08-23,876.0,,0.0,Neutral
2023-08-24,855.0,,0.0,Neutral
2023-08-27,862.0,,0.0,Neutral
2023-08-28,859.0,,0.0,Neutral
2023-08-29,846.0,,0.0,Neutral
2023-08-30,862.0,,0.0,Neutral
2023-09-03,842.0,,0.0,Neutral
2023-09-04,842.0,,0.0,Neutral
2023-09-05,842.7,,0.0,Neutral
2023-09-07,840.0,,0.0,Neutral
2023-09-10,845.5,,0.0,Neutral
2023-09-11,856.0,,0.0,Neutral
2023-09-12,862.0,,0.0,Neutral
2023-09-13,870.0,,0.0,Neutral
2023-09-17,865.0,2023-09-17,0.8198712468147278,Strongly Positive
2023-09-18,870.0,,0.0,Neutral
2023-09-19,868.0,,0.0,Neutral
2023-09-21,884.9,,0.0,Neutral
2023-09-24,871.9,,0.0,Neutral
2023-09-25,864.1,,0.0,Neutral
2023-09-26,873.0,,0.0,Neutral
2023-09-27,857.0,,0.0,Neutral
2023-10-01,843.0,,0.0,Neutral
2023-10-02,845.1,,0.0,Neutral
2023-10-03,840.1,,0.0,Neutral
2023-10-04,840.0,,0.0,Neutral
2023-10-05,838.0,,0.0,Neutral
2023-10-08,825.0,,0.0,Neutral
2023-10-09,820.0,,0.0,Neutral
2023-10-10,811.0,,0.0,Neutral
2023-10-11,806.1,,0.0,Neutral
2023-10-12,802.1,,0.0,Neutral
2023-10-16,800.0,,0.0,Neutral
2023-10-17,806.0,,0.0,Neutral
2023-10-18,825.0,,0.0,Neutral
2023-10-19,825.1,,0.0,Neutral
2023-10-29,818.0,,0.0,Neutral
2023-10-30,815.0,,0.0,Neutral
2023-10-31,808.7,,0.0,Neutral
2023-11-01,810.0,,0.0,Neutral
2023-11-02,807.0,,0.0,Neutral
2023-11-05,797.1,,0.0,Neutral
2023-11-06,797.1,,0.0,Neutral
2023-11-07,798.0,,0.0,Neutral
2023-11-08,803.0,,0.0,Neutral
2023-11-09,799.0,2023-11-09,-0.7493110299110413,Strongly Negative
2023-11-20,786.0,,0.0,Neutral
2023-11-21,782.0,,0.0,Neutral
2023-11-22,785.0,,0.0,Neutral
2023-11-23,792.0,,0.0,Neutral
2023-11-26,828.9,,0.0,Neutral
2023-11-27,820.0,,0.0,Neutral
2023-11-28,814.1,,0.0,Neutral
2023-11-29,800.8,,0.0,Neutral
2023-11-30,807.0,,0.0,Neutral
2023-12-03,803.1,,0.0,Neutral
2023-12-04,801.6,,0.0,Neutral
2023-12-05,776.0,2023-12-05,0.913736879825592,Strongly Positive
2023-12-06,780.5,,0.0,Neutral
2023-12-07,804.9,,0.0,Neutral
2023-12-10,830.0,,0.0,Neutral
2023-12-11,827.1,,0.0,Neutral
2023-12-12,843.0,,0.0,Neutral
2023-12-13,844.0,,0.0,Neutral
2023-12-14,841.0,,0.0,Neutral
2023-12-17,886.0,2023-12-17,0.3354289531707763,Positive
2023-12-18,878.0,,0.0,Neutral
2023-12-19,874.0,,0.0,Neutral
2023-12-20,876.0,,0.0,Neutral
2023-12-21,858.0,,0.0,Neutral
2023-12-24,860.0,,0.0,Neutral
2023-12-27,865.0,,0.0,Neutral
2023-12-28,861.0,,0.0,Neutral
2024-01-01,847.0,2024-01-01,0.8324241042137146,Strongly Positive
2024-01-02,820.0,,0.0,Neutral
2024-01-03,830.0,,0.0,Neutral
2024-01-04,830.0,,0.0,Neutral
2024-01-07,820.2,,0.0,Neutral
2024-01-08,825.5,,0.0,Neutral
2024-01-09,840.0,,0.0,Neutral
2024-01-10,845.0,,0.0,Neutral
2024-01-11,835.3,,0.0,Neutral
2024-01-14,843.0,,0.0,Neutral
2024-01-16,848.0,,0.0,Neutral
2024-01-17,833.0,,0.0,Neutral
2024-01-18,828.3,,0.0,Neutral
2024-01-21,820.0,,0.0,Neutral
2024-01-22,827.2,,0.0,Neutral
2024-01-23,830.0,,0.0,Neutral
2024-01-24,845.0,,0.0,Neutral
2024-01-25,845.0,,0.0,Neutral
2024-01-28,840.0,,0.0,Neutral
2024-01-29,838.0,,0.0,Neutral
2024-01-30,834.0,,0.0,Neutral
2024-01-31,825.0,,0.0,Neutral
2024-02-01,812.1,,0.0,Neutral
2024-02-04,810.1,,0.0,Neutral
2024-02-05,839.9,,0.0,Neutral
2024-02-06,848.0,,0.0,Neutral
2024-02-07,835.0,,0.0,Neutral
2024-02-08,835.0,,0.0,Neutral
2024-02-11,821.0,,0.0,Neutral
2024-02-12,826.3,,0.0,Neutral
2024-02-13,810.5,2024-02-13,-0.7685590982437134,Strongly Negative
2024-02-14,820.0,,0.0,Neutral
2024-02-15,820.0,,0.0,Neutral
2024-02-18,808.6,,0.0,Neutral
2024-02-20,816.0,,0.0,Neutral
2024-02-21,806.1,,0.0,Neutral
2024-02-22,810.0,,0.0,Neutral
2024-02-25,795.1,,0.0,Neutral
2024-02-26,801.0,,0.0,Neutral
2024-02-27,799.0,,0.0,Neutral
2024-02-28,787.1,2024-02-28,0.6667267084121704,Strongly Positive
2024-02-29,788.0,,0.0,Neutral
2024-03-03,779.1,,0.0,Neutral
2024-03-05,794.6,,0.0,Neutral
2024-03-06,799.8,,0.0,Neutral
2024-03-07,806.1,,0.0,Neutral
2024-03-10,809.0,,0.0,Neutral
2024-03-12,827.6,,0.0,Neutral
2024-03-13,839.8,,0.0,Neutral
2024-03-14,824.0,,0.0,Neutral
2024-03-17,825.0,,0.0,Neutral
2024-03-18,820.0,,0.0,Neutral
2024-03-19,820.0,,0.0,Neutral
2024-03-20,825.0,,0.0,Neutral
2024-03-21,819.1,,0.0,Neutral
2024-03-25,815.0,,0.0,Neutral
2024-03-26,817.0,,0.0,Neutral
2024-03-27,818.0,2024-03-27,0.7284920811653137,Strongly Positive
2024-03-28,817.0,,0.0,Neutral
2024-03-31,817.0,,0.0,Neutral
2024-04-01,812.0,,0.0,Neutral
2024-04-02,811.1,,0.0,Neutral
2024-04-03,812.3,,0.0,Neutral
2024-04-04,817.0,,0.0,Neutral
2024-04-07,820.0,,0.0,Neutral
2024-04-09,830.0,,0.0,Neutral
2024-04-10,819.0,,0.0,Neutral
2024-04-14,813.3,,0.0,Neutral
2024-04-15,804.0,,0.0,Neutral
2024-04-16,806.0,,0.0,Neutral
2024-04-18,798.9,,0.0,Neutral
2024-04-21,800.0,,0.0,Neutral
2024-04-22,792.0,,0.0,Neutral
2024-04-24,785.5,,0.0,Neutral
2024-04-25,801.0,,0.0,Neutral
2024-04-28,814.0,,0.0,Neutral
2024-04-29,790.0,,0.0,Neutral
2024-04-30,800.0,,0.0,Neutral
2024-05-02,798.0,,0.0,Neutral
2024-05-05,798.0,,0.0,Neutral
2024-05-06,785.5,,0.0,Neutral
2024-05-07,787.0,,0.0,Neutral
2024-05-08,781.9,,0.0,Neutral
2024-05-09,790.0,,0.0,Neutral
2024-05-12,801.5,,0.0,Neutral
2024-05-13,791.0,,0.0,Neutral
2024-05-14,799.9,,0.0,Neutral
2024-05-15,795.1,,0.0,Neutral
2024-05-16,790.0,,0.0,Neutral
2024-05-19,810.0,,0.0,Neutral
2024-05-20,812.0,,0.0,Neutral
2024-05-21,816.0,,0.0,Neutral
2024-05-22,798.0,,0.0,Neutral
2024-05-26,801.0,,0.0,Neutral
2024-05-27,803.0,,0.0,Neutral
2024-05-29,798.0,,0.0,Neutral
2024-05-30,797.0,,0.0,Neutral
2024-06-02,805.0,,0.0,Neutral
2024-06-03,803.0,,0.0,Neutral
2024-06-04,801.5,,0.0,Neutral
2024-06-05,799.0,,0.0,Neutral
2024-06-06,794.0,,0.0,Neutral
2024-06-09,795.0,,0.0,Neutral
2024-06-10,796.9,,0.0,Neutral
2024-06-11,804.0,,0.0,Neutral
2024-06-12,808.0,,0.0,Neutral
2024-06-13,806.0,,0.0,Neutral
2024-06-16,799.0,,0.0,Neutral
2024-06-18,791.0,,0.0,Neutral
2024-06-19,793.0,,0.0,Neutral
2024-06-20,790.0,,0.0,Neutral
2024-06-23,796.0,,0.0,Neutral
2024-06-24,796.0,2024-06-24,0.7810536026954651,Strongly Positive
2024-06-25,794.1,,0.0,Neutral
2024-06-26,800.0,,0.0,Neutral
2024-06-27,787.0,,0.0,Neutral
2024-06-30,785.0,,0.0,Neutral
2024-07-01,790.1,,0.0,Neutral
2024-07-02,802.3,,0.0,Neutral
2024-07-03,804.0,,0.0,Neutral
2024-07-04,806.3,,0.0,Neutral
2024-07-07,820.0,,0.0,Neutral
2024-07-08,825.0,,0.0,Neutral
2024-07-09,824.8,,0.0,Neutral
2024-07-10,825.2,,0.0,Neutral
2024-07-11,829.9,,0.0,Neutral
2024-07-14,839.0,,0.0,Neutral
2024-07-15,836.0,,0.0,Neutral
2024-07-16,860.0,,0.0,Neutral
2024-07-17,872.0,,0.0,Neutral
2024-07-18,886.0,,0.0,Neutral
2024-07-21,895.0,,0.0,Neutral
2024-07-22,894.9,,0.0,Neutral
2024-07-23,917.9,,0.0,Neutral
2024-07-24,904.0,,0.0,Neutral
2024-07-25,896.0,,0.0,Neutral
2024-07-28,918.0,,0.0,Neutral
2024-07-29,905.0,,0.0,Neutral
2024-07-30,910.0,,0.0,Neutral
2024-07-31,929.0,,0.0,Neutral
2024-08-01,948.0,,0.0,Neutral
2024-08-05,952.1,,0.0,Neutral
2024-08-06,904.0,,0.0,Neutral
2024-08-07,923.0,,0.0,Neutral
2024-08-08,939.0,,0.0,Neutral
2024-08-11,977.0,,0.0,Neutral
2024-08-12,1019.0,,0.0,Neutral
2024-08-13,999.9,,0.0,Neutral
2024-08-14,1019.0,,0.0,Neutral
2024-08-15,1013.2,,0.0,Neutral
2024-08-18,1013.0,,0.0,Neutral
2024-08-21,1015.0,,0.0,Neutral
2024-08-22,1010.0,,0.0,Neutral
2024-08-25,996.0,,0.0,Neutral
2024-08-27,971.0,,0.0,Neutral
2024-08-28,955.4,,0.0,Neutral
2024-08-29,945.0,,0.0,Neutral
2024-09-01,931.0,,0.0,Neutral
2024-09-02,972.9,,0.0,Neutral
2024-09-03,1007.0,,0.0,Neutral
2024-09-04,984.0,,0.0,Neutral
2024-09-05,990.0,,0.0,Neutral
2024-09-08,977.0,,0.0,Neutral
2024-09-09,955.0,,0.0,Neutral
2024-09-10,961.1,,0.0,Neutral
2024-09-11,951.0,,0.0,Neutral
2024-09-12,960.0,,0.0,Neutral
2024-09-15,947.0,,0.0,Neutral
2024-09-16,925.2,,0.0,Neutral
2024-09-18,928.0,,0.0,Neutral
2024-09-22,925.2,,0.0,Neutral
2024-09-23,913.0,,0.0,Neutral
2024-09-24,889.0,,0.0,Neutral
2024-09-25,900.0,,0.0,Neutral
2024-09-26,894.9,,0.0,Neutral
2024-09-29,895.0,,0.0,Neutral
2024-09-30,900.0,,0.0,Neutral
2024-10-01,930.0,,0.0,Neutral
2024-10-02,920.0,,0.0,Neutral
2024-10-06,934.0,,0.0,Neutral
2024-10-07,940.0,,0.0,Neutral
2024-10-08,920.0,,0.0,Neutral
2024-10-09,915.0,,0.0,Neutral
2024-10-15,920.0,,0.0,Neutral
2024-10-16,944.0,,0.0,Neutral
2024-10-17,930.0,,0.0,Neutral
2024-10-20,920.0,,0.0,Neutral
2024-10-21,907.0,,0.0,Neutral
2024-10-22,904.0,,0.0,Neutral
2024-10-23,911.1,,0.0,Neutral
2024-10-24,910.0,,0.0,Neutral
2024-10-27,903.0,,0.0,Neutral
2024-10-28,907.0,,0.0,Neutral
2024-10-29,932.1,,0.0,Neutral
2024-10-30,930.1,,0.0,Neutral
2024-11-05,937.0,,0.0,Neutral
2024-11-06,940.0,,0.0,Neutral
2024-11-10,952.0,,0.0,Neutral
2024-11-11,952.0,,0.0,Neutral
2024-11-12,944.8,,0.0,Neutral
2024-11-13,938.0,,0.0,Neutral
2024-11-14,938.0,,0.0,Neutral
2024-11-17,940.2,,0.0,Neutral
2024-11-19,927.0,,0.0,Neutral
2024-11-20,920.5,,0.0,Neutral
2024-11-21,915.0,,0.0,Neutral
2024-11-24,912.0,,0.0,Neutral
2024-11-25,915.0,,0.0,Neutral
2024-11-26,919.0,,0.0,Neutral
2024-11-27,930.0,,0.0,Neutral
2024-11-28,956.0,,0.0,Neutral
2024-12-01,979.9,,0.0,Neutral
2024-12-02,980.0,,0.0,Neutral
2024-12-03,964.4,,0.0,Neutral
2024-12-04,951.0,,0.0,Neutral
2024-12-05,945.0,,0.0,Neutral
2024-12-08,930.1,,0.0,Neutral
2024-12-09,924.0,,0.0,Neutral
2024-12-10,929.4,,0.0,Neutral
2024-12-11,940.0,,0.0,Neutral
2024-12-12,930.0,,0.0,Neutral
2024-12-16,913.0,,0.0,Neutral
2024-12-17,915.1,,0.0,Neutral
2024-12-18,910.3,,0.0,Neutral
2024-12-19,908.0,,0.0,Neutral
2024-12-22,909.9,,0.0,Neutral
2024-12-23,915.1,,0.0,Neutral
2024-12-24,920.0,,0.0,Neutral
2024-12-26,925.0,,0.0,Neutral
2024-12-29,926.0,,0.0,Neutral
2024-12-31,918.0,,0.0,Neutral
2025-01-01,916.6,,0.0,Neutral
2025-01-02,917.0,,0.0,Neutral
2025-01-05,929.9,,0.0,Neutral
2025-01-06,939.8,,0.0,Neutral
2025-01-07,940.0,,0.0,Neutral
2025-01-08,938.0,,0.0,Neutral
2025-01-09,939.7,,0.0,Neutral
2025-01-12,936.0,,0.0,Neutral
2025-01-13,912.0,,0.0,Neutral
2025-01-15,925.0,,0.0,Neutral
2025-01-16,922.0,,0.0,Neutral
2025-01-19,921.2,,0.0,Neutral
2025-01-20,937.0,2025-01-20,0.8737527132034302,Strongly Positive
2025-01-21,943.0,,0.0,Neutral
2025-01-22,942.9,,0.0,Neutral
2025-01-23,940.9,,0.0,Neutral
2025-01-26,944.9,,0.0,Neutral
2025-01-27,941.8,,0.0,Neutral
2025-01-28,938.9,2025-01-28,0.8444911241531372,Strongly Positive
2025-02-02,801.0,2025-02-02,0.879054069519043,Strongly Positive
2025-02-03,802.5,,0.0,Neutral
2025-02-04,796.1,,0.0,Neutral
2025-02-05,791.0,,0.0,Neutral
2025-02-06,790.0,,0.0,Neutral
2025-02-09,777.3,,0.0,Neutral
2025-02-10,780.0,,0.0,Neutral
2025-02-11,777.1,,0.0,Neutral
2025-02-12,780.0,,0.0,Neutral
2025-02-13,778.2,,0.0,Neutral
2025-02-16,778.0,,0.0,Neutral
2025-02-17,778.1,,0.0,Neutral
2025-02-18,780.0,,0.0,Neutral
2025-02-20,784.0,2025-02-20,0.8342828750610352,Strongly Positive
2025-02-23,784.5,,0.0,Neutral
2025-02-24,787.0,,0.0,Neutral
2025-02-25,780.0,,0.0,Neutral
2025-02-27,783.2,,0.0,Neutral
2025-03-02,805.0,,0.0,Neutral
2025-03-03,805.0,,0.0,Neutral
2025-03-04,801.0,,0.0,Neutral
2025-03-05,799.0,,0.0,Neutral
2025-03-06,792.2,,0.0,Neutral
2025-03-09,792.0,,0.0,Neutral
2025-03-10,792.0,,0.0,Neutral
2025-03-11,777.0,,0.0,Neutral
2025-03-12,775.0,2025-03-12,0.8851388096809387,Strongly Positive
2025-03-16,770.0,,0.0,Neutral
2025-03-17,772.0,,0.0,Neutral
2025-03-18,777.5,,0.0,Neutral
2025-03-19,774.0,,0.0,Neutral
2025-03-20,771.51,,0.0,Neutral
2025-03-23,758.62,,0.0,Neutral
2025-03-24,761.7,,0.0,Neutral
2025-03-25,747.5,,0.0,Neutral
2025-03-26,749.93,,0.0,Neutral
2025-03-27,749.26,2025-03-27,0.8308325409889221,Strongly Positive
2025-03-30,756.94,,0.0,Neutral
2025-04-01,747.52,,0.0,Neutral
2025-04-02,754.13,,0.0,Neutral
2025-04-03,751.63,,0.0,Neutral
2025-04-07,746.39,,0.0,Neutral
2025-04-08,740.65,,0.0,Neutral
2025-04-09,741.06,,0.0,Neutral
2025-04-10,744.2,,0.0,Neutral
2025-04-13,750.76,,0.0,Neutral
2025-04-15,755.17,2025-04-15,0.9233931303024292,Strongly Positive
2025-04-16,759.03,,0.0,Neutral
2025-04-17,764.0,,0.0,Neutral
2025-04-20,762.69,,0.0,Neutral
2025-04-21,762.41,,0.0,Neutral
2025-04-22,752.22,,0.0,Neutral
2025-04-23,742.46,,0.0,Neutral
2025-04-24,748.98,2025-04-24,0.9086153507232666,Strongly Positive
2025-04-27,741.8,,0.0,Neutral
2025-04-28,735.75,,0.0,Neutral
2025-04-29,733.86,,0.0,Neutral
2025-04-30,734.6,,0.0,Neutral
2025-05-04,736.93,2025-05-04,0.9255862236022948,Strongly Positive
2025-05-05,735.28,,0.0,Neutral
2025-05-06,735.82,,0.0,Neutral
2025-05-07,747.18,,0.0,Neutral
2025-05-08,761.48,,0.0,Neutral
2025-05-11,738.9,2025-05-11,0.920644998550415,Strongly Positive
2025-05-13,702.52,,0.0,Neutral
2025-05-14,697.56,,0.0,Neutral
2025-05-15,693.21,,0.0,Neutral
2025-05-18,690.46,,0.0,Neutral
2025-05-19,692.79,,0.0,Neutral
2025-05-20,700.91,,0.0,Neutral
2025-05-21,705.71,,0.0,Neutral
2025-05-22,706.2,,0.0,Neutral
2025-05-25,708.18,,0.0,Neutral
2025-05-26,717.61,,0.0,Neutral
2025-05-27,714.13,,0.0,Neutral
2025-05-28,709.62,,0.0,Neutral
2025-06-02,713.49,,0.0,Neutral
2025-06-03,708.69,,0.0,Neutral
2025-06-04,698.93,,0.0,Neutral
2025-06-05,696.02,,0.0,Neutral
2025-06-08,694.98,,0.0,Neutral
2025-06-09,691.86,,0.0,Neutral
2025-06-10,700.9,,0.0,Neutral
2025-06-11,692.2,,0.0,Neutral
2025-06-12,692.91,2025-06-12,0.7255871295928955,Strongly Positive
2025-06-15,681.66,,0.0,Neutral
2025-06-16,680.97,,0.0,Neutral
2025-06-17,682.36,,0.0,Neutral
2025-06-18,679.12,,0.0,Neutral
2025-06-19,679.62,,0.0,Neutral
2025-06-22,674.19,,0.0,Neutral
2025-06-23,668.6,,0.0,Neutral
2025-06-24,665.2,,0.0,Neutral
2025-06-25,665.03,,0.0,Neutral
2025-06-26,664.12,,0.0,Neutral
2025-06-29,667.34,,0.0,Neutral
2025-06-30,677.27,,0.0,Neutral
2025-07-01,684.55,,0.0,Neutral
2025-07-02,698.62,,0.0,Neutral
2025-07-03,708.44,,0.0,Neutral
2025-07-06,709.48,,0.0,Neutral
2025-07-07,705.06,,0.0,Neutral
2025-07-08,700.14,,0.0,Neutral
2025-07-09,699.58,,0.0,Neutral
2025-07-10,703.0,,0.0,Neutral
2025-07-13,703.29,,0.0,Neutral
2025-07-14,699.33,,0.0,Neutral
2025-07-15,708.35,,0.0,Neutral
2025-07-16,710.36,,0.0,Neutral
2025-07-17,727.34,,0.0,Neutral
2025-07-20,739.75,,0.0,Neutral
2025-07-21,751.4,,0.0,Neutral
2025-07-22,769.84,,0.0,Neutral
2025-07-23,770.1,,0.0,Neutral
2025-07-24,769.25,,0.0,Neutral
2025-07-27,754.28,,0.0,Neutral
2025-07-28,744.86,,0.0,Neutral
2025-07-29,746.77,,0.0,Neutral
2025-07-30,745.92,,0.0,Neutral
2025-07-31,740.72,,0.0,Neutral
2025-08-03,728.45,,0.0,Neutral
2025-08-04,726.4,,0.0,Neutral
2025-08-05,714.53,,0.0,Neutral
2025-08-06,713.08,,0.0,Neutral
2025-08-07,718.09,,0.0,Neutral
2025-08-11,713.51,,0.0,Neutral
2025-08-12,709.47,,0.0,Neutral
2025-08-13,708.67,,0.0,Neutral
2025-08-14,704.2,,0.0,Neutral
2025-08-17,708.31,,0.0,Neutral
2025-08-18,702.2,,0.0,Neutral
2025-08-19,709.82,,0.0,Neutral
2025-08-20,698.89,,0.0,Neutral
2025-08-21,698.05,,0.0,Neutral
2025-08-24,699.73,,0.0,Neutral
2025-08-25,699.69,2025-08-25,0.1048606634140014,Slightly Positive
2025-08-26,700.76,2025-08-26,0.8921642899513245,Strongly Positive
2025-08-27,711.0,,0.0,Neutral
2025-08-28,704.6,,0.0,Neutral
2025-08-31,694.26,,0.0,Neutral
2025-09-01,692.45,,0.0,Neutral
2025-09-02,688.96,,0.0,Neutral
2025-09-03,682.25,,0.0,Neutral
2025-09-04,681.71,,0.0,Neutral
2025-09-07,680.8,,0.0,Neutral
2025-09-08,673.46,,0.0,Neutral
2025-09-18,634.0,,0.0,Neutral
2025-09-21,605.0,,0.0,Neutral
2025-09-23,627.0,,0.0,Neutral
2025-09-24,614.0,,0.0,Neutral
2025-09-25,615.0,,0.0,Neutral
2025-09-28,615.0,,0.0,Neutral
2025-10-07,602.0,,0.0,Neutral
2025-10-08,588.0,,0.0,Neutral
2025-10-09,596.0,,0.0,Neutral
2025-10-12,589.9,,0.0,Neutral
2025-10-13,595.0,,0.0,Neutral
2025-10-14,593.0,,0.0,Neutral
2025-10-15,585.0,,0.0,Neutral
2025-10-16,580.0,,0.0,Neutral
2025-10-19,571.0,,0.0,Neutral
2025-10-26,576.0,,0.0,Neutral
2025-10-28,586.0,,0.0,Neutral
2025-10-29,586.6,,0.0,Neutral
2025-10-30,589.0,,0.0,Neutral
2025-11-02,598.0,,0.0,Neutral
2025-11-03,605.0,,0.0,Neutral
2025-11-04,585.0,,0.0,Neutral
2025-11-05,590.0,,0.0,Neutral
2025-11-06,588.0,,0.0,Neutral
2025-11-09,585.0,,0.0,Neutral
2025-11-10,578.2,,0.0,Neutral
2025-11-11,580.0,,0.0,Neutral
2025-11-12,579.4,,0.0,Neutral
2025-11-13,575.0,,0.0,Neutral
2025-11-16,573.9,,0.0,Neutral
2025-11-17,571.6,,0.0,Neutral
2025-11-18,580.0,,0.0,Neutral
2025-11-19,579.0,,0.0,Neutral
2025-11-20,578.0,,0.0,Neutral
2025-11-23,600.5,,0.0,Neutral
2025-11-24,613.1,,0.0,Neutral
2025-11-25,611.0,,0.0,Neutral
2025-11-26,610.0,,0.0,Neutral
2025-11-27,629.0,,0.0,Neutral
2025-11-30,627.0,,0.0,Neutral
2025-12-01,625.6,,0.0,Neutral
2025-12-02,625.0,,0.0,Neutral
2025-12-03,618.1,,0.0,Neutral
2025-12-07,610.4,,0.0,Neutral
2025-12-08,610.8,,0.0,Neutral
2025-12-09,612.5,,0.0,Neutral
2025-12-10,608.3,,0.0,Neutral
2025-12-11,608.6,,0.0,Neutral
2025-12-14,604.5,,0.0,Neutral
2025-12-15,607.0,,0.0,Neutral
2025-12-16,612.8,,0.0,Neutral
2025-12-17,612.0,,0.0,Neutral
2025-12-18,620.0,,0.0,Neutral
2025-12-21,614.9,,0.0,Neutral
2025-12-22,606.7,,0.0,Neutral
2025-12-23,602.1,,0.0,Neutral
2025-12-24,602.5,,0.0,Neutral
2025-12-28,615.0,,0.0,Neutral
2025-12-29,619.6,,0.0,Neutral
2025-12-31,624.0,,0.0,Neutral
2026-01-01,618.5,,0.0,Neutral
2026-01-04,619.0,,0.0,Neutral
2026-01-05,616.0,,0.0,Neutral
2026-01-06,615.0,,0.0,Neutral
2026-01-07,615.0,,0.0,Neutral
2026-01-08,618.5,,0.0,Neutral
2026-01-12,618.4,,0.0,Neutral
2026-01-13,618.0,,0.0,Neutral
2026-01-14,618.0,,0.0,Neutral
2026-01-18,630.8,,0.0,Neutral
2026-01-20,642.0,,0.0,Neutral
2026-01-21,645.0,,0.0,Neutral
2026-01-22,645.9,,0.0,Neutral
2026-01-25,655.0,,0.0,Neutral
2026-01-26,659.0,,0.0,Neutral
2026-01-27,649.0,,0.0,Neutral
2026-01-28,651.9,,0.0,Neutral
2026-01-29,649.0,,0.0,Neutral
2026-02-01,650.0,2026-02-01,0.920251488685608,Strongly Positive
2026-02-02,650.5,,0.0,Neutral
2026-02-03,649.1,,0.0,Neutral
2026-02-04,650.9,,0.0,Neutral
2026-02-05,654.9,2026-02-05,0.9179481267929076,Strongly Positive
2026-02-08,629.9,,0.0,Neutral
2026-02-09,626.0,,0.0,Neutral
2026-02-10,618.9,,0.0,Neutral
2026-02-11,611.0,,0.0,Neutral
2026-02-12,609.0,,0.0,Neutral
2026-02-16,604.9,,0.0,Neutral
2026-02-17,603.0,,0.0,Neutral
2026-02-22,600.0,,0.0,Neutral
2026-02-23,600.0,,0.0,Neutral
2026-02-24,607.8,,0.0,Neutral
2026-02-25,607.0,,0.0,Neutral
2026-02-26,611.0,,0.0,Neutral
2026-03-01,616.6,,0.0,Neutral
2026-03-03,623.0,,0.0,Neutral
